   1.0035737e+00
   9.8945316e-01
   9.9695519e-01
   1.0118216e+00
   9.8023738e-01
   1.0070338e+00
   1.0195392e+00
   9.5123594e-01
   1.0000626e+00
   1.0212290e+00
   9.7766257e-01
   9.7049268e-01
   9.9911037e-01
   1.0423969e+00
   1.0099792e+00
   9.9164775e-01
   1.0166727e+00
   9.8487358e-01
   9.9395272e-01
   1.0281499e+00
   1.0153796e+00
   9.8754352e-01
   9.9617319e-01
   9.8992823e-01
   1.0072467e+00
   9.6731288e-01
   1.0194772e+00
   9.9432900e-01
   1.0351109e+00
   1.0108232e+00
   1.0077407e+00
   1.0255398e+00
   9.8242549e-01
   9.9838005e-01
   9.7694109e-01
   1.0019827e+00
   9.8552133e-01
   9.6693100e-01
   1.0034133e+00
   1.0285896e+00
