   0.1000000E+01     0.2007147E+12     0.2000000E+09     0.2000000E+00     0.1750000E+00     0.1500000E+00     0.1250000E+00     0.1000000E+00     0.1500000E+00
   0.2000000E+01     0.1978906E+12     0.2000000E+09     0.2000000E+00     0.1750000E+00     0.1500000E+00     0.1250000E+00     0.1000000E+00     0.1500000E+00
   0.3000000E+01     0.1993910E+12     0.2000000E+09     0.2000000E+00     0.1750000E+00     0.1500000E+00     0.1250000E+00     0.1000000E+00     0.1500000E+00
   0.4000000E+01     0.2023643E+12     0.2000000E+09     0.2000000E+00     0.1750000E+00     0.1500000E+00     0.1250000E+00     0.1000000E+00     0.1500000E+00
   0.5000000E+01     0.1960475E+12     0.2000000E+09     0.2000000E+00     0.1750000E+00     0.1500000E+00     0.1250000E+00     0.1000000E+00     0.1500000E+00
   0.6000000E+01     0.2014068E+12     0.2000000E+09     0.2000000E+00     0.1750000E+00     0.1500000E+00     0.1250000E+00     0.1000000E+00     0.1500000E+00
   0.7000000E+01     0.2039078E+12     0.2000000E+09     0.2000000E+00     0.1750000E+00     0.1500000E+00     0.1250000E+00     0.1000000E+00     0.1500000E+00
   0.8000000E+01     0.1902472E+12     0.2000000E+09     0.2000000E+00     0.1750000E+00     0.1500000E+00     0.1250000E+00     0.1000000E+00     0.1500000E+00
   0.9000000E+01     0.2000125E+12     0.2000000E+09     0.2000000E+00     0.1750000E+00     0.1500000E+00     0.1250000E+00     0.1000000E+00     0.1500000E+00
   0.1000000E+02     0.2042458E+12     0.2000000E+09     0.2000000E+00     0.1750000E+00     0.1500000E+00     0.1250000E+00     0.1000000E+00     0.1500000E+00
   0.1100000E+02     0.1955325E+12     0.2000000E+09     0.2000000E+00     0.1750000E+00     0.1500000E+00     0.1250000E+00     0.1000000E+00     0.1500000E+00
   0.1200000E+02     0.1940985E+12     0.2000000E+09     0.2000000E+00     0.1750000E+00     0.1500000E+00     0.1250000E+00     0.1000000E+00     0.1500000E+00
   0.1300000E+02     0.1998221E+12     0.2000000E+09     0.2000000E+00     0.1750000E+00     0.1500000E+00     0.1250000E+00     0.1000000E+00     0.1500000E+00
   0.1400000E+02     0.2084794E+12     0.2000000E+09     0.2000000E+00     0.1750000E+00     0.1500000E+00     0.1250000E+00     0.1000000E+00     0.1500000E+00
   0.1500000E+02     0.2019958E+12     0.2000000E+09     0.2000000E+00     0.1750000E+00     0.1500000E+00     0.1250000E+00     0.1000000E+00     0.1500000E+00
   0.1600000E+02     0.1983296E+12     0.2000000E+09     0.2000000E+00     0.1750000E+00     0.1500000E+00     0.1250000E+00     0.1000000E+00     0.1500000E+00
   0.1700000E+02     0.2033345E+12     0.2000000E+09     0.2000000E+00     0.1750000E+00     0.1500000E+00     0.1250000E+00     0.1000000E+00     0.1500000E+00
   0.1800000E+02     0.1969747E+12     0.2000000E+09     0.2000000E+00     0.1750000E+00     0.1500000E+00     0.1250000E+00     0.1000000E+00     0.1500000E+00
   0.1900000E+02     0.1987905E+12     0.2000000E+09     0.2000000E+00     0.1750000E+00     0.1500000E+00     0.1250000E+00     0.1000000E+00     0.1500000E+00
   0.2000000E+02     0.2056300E+12     0.2000000E+09     0.2000000E+00     0.1750000E+00     0.1500000E+00     0.1250000E+00     0.1000000E+00     0.1500000E+00
   0.2100000E+02     0.2030759E+12     0.2000000E+09     0.2000000E+00     0.1750000E+00     0.1500000E+00     0.1250000E+00     0.1000000E+00     0.1500000E+00
   0.2200000E+02     0.1975087E+12     0.2000000E+09     0.2000000E+00     0.1750000E+00     0.1500000E+00     0.1250000E+00     0.1000000E+00     0.1500000E+00
   0.2300000E+02     0.1992346E+12     0.2000000E+09     0.2000000E+00     0.1750000E+00     0.1500000E+00     0.1250000E+00     0.1000000E+00     0.1500000E+00
   0.2400000E+02     0.1979856E+12     0.2000000E+09     0.2000000E+00     0.1750000E+00     0.1500000E+00     0.1250000E+00     0.1000000E+00     0.1500000E+00
   0.2500000E+02     0.2014493E+12     0.2000000E+09     0.2000000E+00     0.1750000E+00     0.1500000E+00     0.1250000E+00     0.1000000E+00     0.1500000E+00
   0.2600000E+02     0.1934626E+12     0.2000000E+09     0.2000000E+00     0.1750000E+00     0.1500000E+00     0.1250000E+00     0.1000000E+00     0.1500000E+00
   0.2700000E+02     0.2038954E+12     0.2000000E+09     0.2000000E+00     0.1750000E+00     0.1500000E+00     0.1250000E+00     0.1000000E+00     0.1500000E+00
   0.2800000E+02     0.1988658E+12     0.2000000E+09     0.2000000E+00     0.1750000E+00     0.1500000E+00     0.1250000E+00     0.1000000E+00     0.1500000E+00
   0.2900000E+02     0.2070222E+12     0.2000000E+09     0.2000000E+00     0.1750000E+00     0.1500000E+00     0.1250000E+00     0.1000000E+00     0.1500000E+00
   0.3000000E+02     0.2021646E+12     0.2000000E+09     0.2000000E+00     0.1750000E+00     0.1500000E+00     0.1250000E+00     0.1000000E+00     0.1500000E+00
   0.3100000E+02     0.2015481E+12     0.2000000E+09     0.2000000E+00     0.1750000E+00     0.1500000E+00     0.1250000E+00     0.1000000E+00     0.1500000E+00
   0.3200000E+02     0.2051080E+12     0.2000000E+09     0.2000000E+00     0.1750000E+00     0.1500000E+00     0.1250000E+00     0.1000000E+00     0.1500000E+00
   0.3300000E+02     0.1964851E+12     0.2000000E+09     0.2000000E+00     0.1750000E+00     0.1500000E+00     0.1250000E+00     0.1000000E+00     0.1500000E+00
   0.3400000E+02     0.1996760E+12     0.2000000E+09     0.2000000E+00     0.1750000E+00     0.1500000E+00     0.1250000E+00     0.1000000E+00     0.1500000E+00
   0.3500000E+02     0.1953882E+12     0.2000000E+09     0.2000000E+00     0.1750000E+00     0.1500000E+00     0.1250000E+00     0.1000000E+00     0.1500000E+00
   0.3600000E+02     0.2003965E+12     0.2000000E+09     0.2000000E+00     0.1750000E+00     0.1500000E+00     0.1250000E+00     0.1000000E+00     0.1500000E+00
   0.3700000E+02     0.1971043E+12     0.2000000E+09     0.2000000E+00     0.1750000E+00     0.1500000E+00     0.1250000E+00     0.1000000E+00     0.1500000E+00
   0.3800000E+02     0.1933862E+12     0.2000000E+09     0.2000000E+00     0.1750000E+00     0.1500000E+00     0.1250000E+00     0.1000000E+00     0.1500000E+00
   0.3900000E+02     0.2006827E+12     0.2000000E+09     0.2000000E+00     0.1750000E+00     0.1500000E+00     0.1250000E+00     0.1000000E+00     0.1500000E+00
   0.4000000E+02     0.2057179E+12     0.2000000E+09     0.2000000E+00     0.1750000E+00     0.1500000E+00     0.1250000E+00     0.1000000E+00     0.1500000E+00
