   1.4480932188    1.4480932188    1.8679965321    4.2963876472    4.2963876472    5.1697484782    5.5568243884    6.9998642749    6.9998642749    7.2503875108    7.9738870593    7.9738870593    8.6795593491    8.6795593491   10.5972991886   11.5530023267   12.5727412857   12.5727412857
   0.0279315717    0.0279315717    0.0218870677    0.0106107243    0.0106107243    0.0093205792    0.0089060650    0.0078832875    0.0078832875    0.0077655846    0.0074949500    0.0074949500    0.0073109524    0.0073109524    0.0070838507    0.0070734997    0.0071145258    0.0071145258
   1.4330767854    1.4330767854    1.8452053551    4.2051963191    4.2051963191    5.2317887799    5.4331808570    7.0895362242    7.0895362242    7.2143690167    7.7221465518    7.7221465518    8.6775925708    8.6775925708   10.2475951549   11.2771599458   11.9431606322   11.9431606322
   0.0282147669    0.0282147669    0.0221429987    0.0107829036    0.0107829036    0.0092488026    0.0090301698    0.0078395621    0.0078395621    0.0077816675    0.0075785325    0.0075785325    0.0073113736    0.0073113736    0.0071021158    0.0070710828    0.0070835626    0.0070835626
   1.4443724076    1.4443724076    1.8594003661    4.2330833507    4.2330833507    5.2860722796    5.4685724156    7.1637398344    7.1637398344    7.2757751151    7.7642185067    7.7642185067    8.7561228474    8.7561228474   10.3015975119   11.3489078080   11.9839783711   11.9839783711
   0.0280011847    0.0280011847    0.0219828399    0.0107293314    0.0107293314    0.0091877574    0.0089938935    0.0078047402    0.0078047402    0.0077544115    0.0075638297    0.0075638297    0.0072949215    0.0072949215    0.0070987273    0.0070713174    0.0070850387    0.0070850387
   1.2583057152    1.2583057152    1.6114980773    3.5119045124    3.5119045124    4.5158893315    5.0897686295    6.1412755395    6.1412755395    6.5438101426    6.9239550423    6.9239550423    8.0491212720    8.0491212720    8.0777401869    8.9774219492    8.9774219492    9.3693946391
   0.0320161898    0.0320161898    0.0251967934    0.0124329721    0.0124329721    0.0102295390    0.0094163937    0.0084082428    0.0084082428    0.0081361608    0.0079217576    0.0079217576    0.0074719457    0.0074719457    0.0074634230    0.0072524296    0.0072524296    0.0071901531
   1.2537791854    1.2537791854    1.6042693811    3.4554361608    3.4554361608    4.4375927462    5.2278333618    5.9570324607    5.9570324607    6.6049252616    7.1199732869    7.1199732869    7.8131585692    8.1758057001    8.1758057001    8.6533561149    8.6533561149    9.2282126174
   0.0321289289    0.0321289289    0.0253057758    0.0126003803    0.0126003803    0.0103603991    0.0092533141    0.0085507450    0.0085507450    0.0080990993    0.0078251321    0.0078251321    0.0075471051    0.0074351491    0.0074351491    0.0073166018    0.0073166018    0.0072107691
   1.3658337918    1.3658337918    1.7518152312    3.8802452208    3.8802452208    4.9981240216    5.3178219979    6.9097695112    6.9097695112    7.0046408716    7.2236021854    7.2236021854    8.5451180105    8.5451180105    9.1208874056   10.2453100591   10.2453100591   10.3566071160
   0.0295605518    0.0295605518    0.0232632099    0.0114731957    0.0114731957    0.0095309410    0.0091527919    0.0079290985    0.0079290985    0.0078809120    0.0077775187    0.0077775187    0.0073408400    0.0073408400    0.0072277868    0.0071022639    0.0071022639    0.0070954939
   1.2420044364    1.2420044364    1.5890824079    3.4190712133    3.4190712133    4.3903670621    5.1940368997    5.8862741271    5.8862741271    6.5516566381    7.0747275014    7.0747275014    7.7182440272    8.1147278586    8.1147278586    8.5470428248    8.5470428248    9.1326193064
   0.0324260919    0.0324260919    0.0255380370    0.0127114266    0.0127114266    0.0104420101    0.0092922194    0.0086088067    0.0086088067    0.0081313438    0.0078466574    0.0078466574    0.0075799118    0.0074525911    0.0074525911    0.0073403961    0.0073403961    0.0072258685
   1.3438736654    1.3438736654    1.7252390129    3.8532223510    3.8532223510    4.9676426624    5.1357490400    6.8512078927    6.9229578946    6.9229578946    6.9713722098    6.9713722098    8.3237409756    8.3237409756    9.1535882568   10.2934819547   10.3664358872   10.3664358872
   0.0300296876    0.0300296876    0.0236047381    0.0115366194    0.0115366194    0.0095702119    0.0093608497    0.0079599209    0.0079222720    0.0079222720    0.0078975679    0.0078975679    0.0073951310    0.0073951310    0.0072224756    0.0070992229    0.0070949390    0.0070949390
   1.5267150251    1.5267150251    1.9743439909    4.5849475836    4.5849475836    5.3107324971    5.9371010789    7.1843231375    7.1843231375    7.5982063784    8.6149826628    8.6149826628    9.0477330434    9.0477330434   11.4653068501   12.3757207923   13.5278714967   13.5278714967
   0.0265412968    0.0265412968    0.0207731477    0.0101185260    0.0101185260    0.0091605529    0.0085669063    0.0077952937    0.0077952937    0.0076236428    0.0073250275    0.0073250275    0.0072400761    0.0072400761    0.0070722918    0.0071030115    0.0071911476    0.0071911476
   1.2410189035    1.2410189035    1.5885337939    3.4389780249    3.4389780249    4.4189377255    5.1048049811    5.9663850730    5.9663850730    6.4987968622    6.9488522738    6.9488522738    7.8353431974    8.0219898606    8.0219898606    8.6872168431    8.6872168431    9.1786206342
   0.0324512230    0.0324512230    0.0255465120    0.0126503170    0.0126503170    0.0103923906    0.0093980912    0.0085432131    0.0085432131    0.0081641345    0.0079089899    0.0079089899    0.0075396558    0.0074801408    0.0074801408    0.0073093173    0.0073093173    0.0072184850
   1.3611842318    1.3611842318    1.7454555888    3.8575350987    3.8575350987    4.9677059927    5.3266878594    6.8526971665    6.8526971665    6.9927636408    7.2370539662    7.2370539662    8.5401205801    8.5401205801    9.0413536993   10.1369445229   10.1369445229   10.2942958114
   0.0296585989    0.0296585989    0.0233439673    0.0115264296    0.0115264296    0.0095701297    0.0091431237    0.0079591267    0.0079591267    0.0078868287    0.0077715065    0.0077715065    0.0073419948    0.0073419948    0.0072411749    0.0071097362    0.0071097362    0.0070991730
   1.4484912015    1.4484912015    1.8657082884    4.2600363226    4.2600363226    5.2642537423    5.5052073010    7.1323623352    7.1323623352    7.2837524439    7.8396658264    7.8396658264    8.7525497248    8.7525497248   10.4068475868   11.4300014619   12.1706068524   12.1706068524
   0.0279241473    0.0279241473    0.0219124730    0.0106783291    0.0106783291    0.0092121002    0.0089569846    0.0078193172    0.0078193172    0.0077509283    0.0075382138    0.0075382138    0.0072956540    0.0072956540    0.0070927302    0.0070719197    0.0070927572    0.0070927572
   1.2628538038    1.2628538038    1.6163180966    3.4943556720    3.4943556720    4.4894232373    5.2132445825    6.0523059781    6.0523059781    6.6233408723    7.0974264600    7.0974264600    7.9455178621    8.1817898180    8.1817898180    8.8062624656    8.8062624656    9.3277035559
   0.0319037380    0.0319037380    0.0251246781    0.0124843572    0.0124843572    0.0102731662    0.0092700295    0.0084755328    0.0084755328    0.0080881353    0.0078358016    0.0078358016    0.0075038538    0.0074334696    0.0074334696    0.0072848008    0.0072848008    0.0071960363
   1.4462813995    1.4462813995    1.8663562760    4.2995619624    4.2995619624    5.1419560713    5.5619976193    6.9612225915    6.9612225915    7.2342575810    7.9954756527    7.9954756527    8.6527750241    8.6527750241   10.6286073629   11.5679978878   12.6490645476   12.6490645476
   0.0279654237    0.0279654237    0.0219052722    0.0106048843    0.0106048843    0.0093534475    0.0089010303    0.0079027009    0.0079027009    0.0077727532    0.0074882591    0.0074882591    0.0073167281    0.0073167281    0.0070826267    0.0070737462    0.0071194080    0.0071194080
   1.4104648956    1.4104648956    1.8179777892    4.1655807157    4.1655807157    5.0830077708    5.3852772753    6.8847123698    6.8847123698    7.0779006587    7.6966403977    7.6966403977    8.4898939096    8.4898939096   10.2227846622   11.1877753053   12.0354677286   12.0354677286
   0.0286527711    0.0286527711    0.0224573952    0.0108604418    0.0108604418    0.0094246676    0.0090802632    0.0079421842    0.0079421842    0.0078451329    0.0075875947    0.0075875947    0.0073537787    0.0073537787    0.0071037447    0.0070711908    0.0070870104    0.0070870104
   1.4190445939    1.4190445939    1.8297206717    4.1999675990    4.1999675990    5.0914869775    5.4308498120    6.8951180485    6.8951180485    7.1134211683    7.7764093795    7.7764093795    8.5245643823    8.5245643823   10.3316504394   11.2863575041   12.2073334302   12.2073334302
   0.0284849078    0.0284849078    0.0223206215    0.0107930403    0.0107930403    0.0094142953    0.0090325808    0.0079367315    0.0079367315    0.0078282211    0.0075596259    0.0075596259    0.0073456098    0.0073456098    0.0070969337    0.0070710970    0.0070944595    0.0070944595
   1.4983129645    1.4983129645    1.9355537157    4.4779081112    4.4779081112    5.2674519934    5.7957040692    7.1283451961    7.1283451961    7.4749789800    8.3716435197    8.3716435197    8.9200431839    8.9200431839   11.1355946037   12.0671606203   13.2119162947   13.2119162947
   0.0270263997    0.0270263997    0.0211648438    0.0102923396    0.0102923396    0.0092085157    0.0086859859    0.0078211990    0.0078211990    0.0076712567    0.0073828280    0.0073828280    0.0072629132    0.0072629132    0.0070714630    0.0070882844    0.0071622254    0.0071622254
   1.4575851284    1.4575851284    1.8812441682    4.3367716464    4.3367716464    5.1731281332    5.6105846484    7.0029977907    7.0029977907    7.2878245982    8.0713411861    8.0713411861    8.7136943316    8.7136943316   10.7305408531   11.6709137439   12.7796980032   12.7796980032
   0.0277556236    0.0277556236    0.0217412344    0.0105371732    0.0105371732    0.0093166128    0.0088543444    0.0078817285    0.0078817285    0.0077491553    0.0074653179    0.0074653179    0.0073037182    0.0073037182    0.0070790886    0.0070757477    0.0071282937    0.0071282937
   1.1986700681    1.1986700681    1.5325748698    3.2639590504    3.2639590504    4.1862653443    5.1673361746    5.5416908946    5.5416908946    6.4161428548    7.0462546426    7.0462546426    7.2464195541    7.9940956215    7.9940956215    8.0268718298    8.0268718298    8.7394458461
   0.0335706413    0.0335706413    0.0264434902    0.0132157323    0.0132157323    0.0108197441    0.0093234144    0.0089208644    0.0089208644    0.0082170389    0.0078604384    0.0078604384    0.0077673430    0.0074886846    0.0074886846    0.0074786579    0.0074786579    0.0072983535
   1.4044225879    1.4044225879    1.8065116200    4.0928120949    4.0928120949    5.1976460082    5.2845597509    7.0467965493    7.0467965493    7.0950453588    7.4670635412    7.4670635412    8.5593841979    8.5593841979    9.8990571721   10.9604677340   11.4245285015   11.4245285015
   0.0287722404    0.0287722404    0.0225927080    0.0110074080    0.0110074080    0.0092880340    0.0091894366    0.0078601744    0.0078601744    0.0078369350    0.0076744125    0.0076744125    0.0073375611    0.0073375611    0.0071293275    0.0070735367    0.0070718679    0.0070718679
   1.4755964322    1.4755964322    1.9025082859    4.3656441319    4.3656441319    5.2986143864    5.6448709455    7.1758221347    7.1758221347    7.3983182516    8.0801060898    8.0801060898    8.8674701056    8.8674701056   10.7345970262   11.7303809202   12.6751470470   12.6751470470
   0.0274280830    0.0274280830    0.0215115211    0.0104855660    0.0104855660    0.0091738806    0.0088220414    0.0077991841    0.0077991841    0.0077023287    0.0074627240    0.0074627240    0.0072728427    0.0072728427    0.0070789618    0.0070771468    0.0071211292    0.0071211292
   1.2264306257    1.2264306257    1.5684080302    3.3512217291    3.3512217291    4.2998353822    5.2334014547    5.7162033075    5.7162033075    6.5315162546    7.1336843273    7.1336843273    7.4814370092    8.1223110397    8.1223110397    8.2834827958    8.2834827958    8.9645141697
   0.0328280067    0.0328280067    0.0258615976    0.0129257219    0.0129257219    0.0106043817    0.0092469657    0.0087564911    0.0087564911    0.0081437432    0.0078186987    0.0078186987    0.0076686907    0.0074503957    0.0074503957    0.0074057153    0.0074057153    0.0072547561
   1.2683853863    1.2683853863    1.6247629564    3.5501744088    3.5501744088    4.5663905044    5.0975880840    6.2271761916    6.2271761916    6.5795618639    6.9328812876    6.9328812876    8.0819912491    8.0819912491    8.1956893334    9.1200396766    9.1200396766    9.4709404832
   0.0317680699    0.0317680699    0.0249993825    0.0123228642    0.0123228642    0.0101479627    0.0094068588    0.0083458562    0.0083458562    0.0081143533    0.0079171630    0.0079171630    0.0074621677    0.0074621677    0.0074295887    0.0072279260    0.0072279260    0.0071765225
   1.3416079950    1.3416079950    1.7232452106    3.8652621757    3.8652621757    4.9854119718    5.0784065004    6.8202375109    6.8909193734    6.8909193734    6.9764497109    6.9764497109    8.2686980401    8.2686980401    9.2317282431   10.3319284400   10.5071852417   10.5071852417
   0.0300789761    0.0300789761    0.0236307954    0.0115082373    0.0115082373    0.0095472460    0.0094303144    0.0079765631    0.0079389285    0.0079389285    0.0078950092    0.0078950092    0.0074096592    0.0074096592    0.0072102316    0.0070969174    0.0070877417    0.0070877417
   1.3586821734    1.3586821734    1.7453919051    3.9186475737    3.9186475737    5.0547750656    5.1321700226    6.9028000934    6.9633255574    6.9633255574    7.0799464107    7.0799464107    8.3648942772    8.3648942772    9.3703692628   10.4761922289   10.6775606643   10.6775606643
   0.0297116426    0.0297116426    0.0233447790    0.0113847702    0.0113847702    0.0094595190    0.0093651281    0.0079327229    0.0079016354    0.0079016354    0.0078441512    0.0078441512    0.0073845425    0.0073845425    0.0071900175    0.0070892079    0.0070808428    0.0070808428
   1.4348759218    1.4348759218    1.8525642133    4.2765871906    4.2765871906    5.0740182919    5.5336519565    6.8679605843    6.8679605843    7.1681905450    7.9731023522    7.9731023522    8.5642045898    8.5642045898   10.6021201493   11.5148443417   12.6160523060   12.6160523060
   0.0281805192    0.0281805192    0.0220596556    0.0106473818    0.0106473818    0.0094357117    0.0089287694    0.0079510179    0.0079510179    0.0078026898    0.0074951946    0.0074951946    0.0073364590    0.0073364590    0.0070836580    0.0070729248    0.0071172680    0.0071172680
   1.2909300576    1.2909300576    1.6546824185    3.6412601527    3.6412601527    4.6870703056    5.1019004205    6.4380937181    6.4380937181    6.6548003827    6.9342786012    6.9342786012    8.1448943455    8.1448943455    8.4865834172    9.4842591931    9.4842591931    9.7149227871
   0.0312273171    0.0312273171    0.0245659803    0.0120711240    0.0120711240    0.0099615284    0.0094016161    0.0082027913    0.0082027913    0.0080696198    0.0079164455    0.0079164455    0.0074439078    0.0074439078    0.0073545669    0.0071748071    0.0071748071    0.0071476637
   1.2085263244    1.2085263244    1.5458742906    3.3145520225    3.3145520225    4.2544826678    5.1041807866    5.6803698874    5.6803698874    6.4043579213    6.9548967812    6.9548967812    7.4414948828    7.9480379002    7.9480379002    8.2385598532    8.2385598532    8.8591652609
   0.0333030202    0.0333030202    0.0262243127    0.0130455547    0.0130455547    0.0106887764    0.0093988483    0.0087891438    0.0087891438    0.0082247479    0.0079059124    0.0079059124    0.0076846886    0.0075030577    0.0075030577    0.0074177941    0.0074177941    0.0072744400
   1.2664123126    1.2664123126    1.6216144218    3.5267674733    3.5267674733    4.5340079516    5.1485024273    6.1525622285    6.1525622285    6.5993801533    7.0052067914    7.0052067914    8.0887425385    8.1261595200    8.1261595200    8.9819801181    8.9819801181    9.4098416443
   0.0318163240    0.0318163240    0.0250459412    0.0123898944    0.0123898944    0.0102000217    0.0093456651    0.0083999033    0.0083999033    0.0081024190    0.0078806309    0.0078806309    0.0074601795    0.0074492847    0.0074492847    0.0072516124    0.0072516124    0.0071846061
   1.3167647058    1.3167647058    1.6872700293    3.7002722711    3.7002722711    4.7613060044    5.2459347813    6.5174785814    6.5174785814    6.8078905963    7.1322427976    7.1322427976    8.3467571362    8.3467571362    8.5847992037    9.5726304306    9.5726304306    9.8714385551
   0.0306307169    0.0306307169    0.0241117953    0.0119153959    0.0119153959    0.0098524937    0.0092327389    0.0081524540    0.0081524540    0.0079832647    0.0078193732    0.0078193732    0.0073891805    0.0073891805    0.0073317835    0.0071638407    0.0071638407    0.0071318966
   1.2407406364    1.2407406364    1.5869306701    3.3978642506    3.3978642506    4.3607283197    5.2615553748    5.8123020480    5.8123020480    6.5877924899    7.1704123946    7.1704123946    7.6115111124    8.1822749945    8.1822749945    8.4267322248    8.4267322248    9.0846153453
   0.0324583262    0.0324583262    0.0255713115    0.0127773956    0.0127773956    0.0104942959    0.0092151287    0.0086715956    0.0086715956    0.0081093837    0.0078016679    0.0078016679    0.0076186691    0.0074333337    0.0074333337    0.0073690638    0.0073690638    0.0072338092
   1.4148569893    1.4148569893    1.8204078164    4.1309800775    4.1309800775    5.2168689041    5.3347808682    7.0718901122    7.0718901122    7.1407982199    7.5500391249    7.5500391249    8.6076160728    8.6076160728   10.0118909325   11.0666574405   11.5844234571   11.5844234571
   0.0285665806    0.0285665806    0.0224289431    0.0109295764    0.0109295764    0.0092658657    0.0091343345    0.0078480225    0.0078480225    0.0078153771    0.0076419187    0.0076419187    0.0073266659    0.0073266659    0.0071194762    0.0070720637    0.0070740295    0.0070740295
   1.4141003035    1.4141003035    1.8184285509    4.1120508396    4.1120508396    5.2559631732    5.3083187736    7.1269938702    7.1269938702    7.1521168975    7.4868320142    7.4868320142    8.6363292862    8.6363292862    9.9219497543   11.0076219315   11.4181211326   11.4181211326
   0.0285813910    0.0285813910    0.0224521116    0.0109679682    0.0109679682    0.0092214178    0.0091632013    0.0078218328    0.0078218328    0.0078101148    0.0076665532    0.0076665532    0.0073203180    0.0073203180    0.0071272455    0.0070727996    0.0070718093    0.0070718093
   1.4088690230    1.4088690230    1.8134148972    4.1247301021    4.1247301021    5.1668225637    5.3280726170    7.0026608550    7.0026608550    7.1006755303    7.5580265755    7.5580265755    8.5492254180    8.5492254180   10.0265095528   11.0559894945   11.6462352806   11.6462352806
   0.0286842237    0.0286842237    0.0225110317    0.0109422075    0.0109422075    0.0093240185    0.0091416174    0.0078818961    0.0078818961    0.0078342572    0.0076388586    0.0076388586    0.0073398933    0.0073398933    0.0071182745    0.0070721814    0.0070752189    0.0070752189
   1.3723906572    1.3723906572    1.7637253687    3.9718112073    3.9718112073    5.1249994935    5.1489516941    6.9590318693    6.9843269620    6.9843269620    7.1992408803    7.1992408803    8.4204689559    8.4204689559    9.5336350078   10.6237655472   10.9066337067   10.9066337067
   0.0294234304    0.0294234304    0.0231135755    0.0112655625    0.0112655625    0.0093737226    0.0093451320    0.0079038120    0.0078910514    0.0078910514    0.0077885042    0.0077885042    0.0073706082    0.0073706082    0.0071685913    0.0070828117    0.0070745425    0.0070745425
   1.3162846691    1.3162846691    1.6873702706    3.7176067251    3.7176067251    4.7859439413    5.1878099991    6.5817103986    6.5817103986    6.7788646064    7.0502975988    7.0502975988    8.2917737843    8.2917737843    8.6781121334    9.7065082260    9.7065082260    9.9191242903
   0.0306415859    0.0306415859    0.0241104259    0.0118707030    0.0118707030    0.0098172139    0.0092994580    0.0081130542    0.0081130542    0.0079991711    0.0078584704    0.0078584704    0.0074035171    0.0074035171    0.0073112623    0.0071485707    0.0071485707    0.0071275002
   1.3857849644    1.3857849644    1.7818630527    4.0270588243    4.0270588243    5.1574046700    5.1982807932    6.9936872801    6.9936872801    7.0113589024    7.3275522618    7.3275522618    8.4687657970    8.4687657970    9.7098698473   10.7788561255   11.1645933402   11.1645933402
   0.0291474134    0.0291474134    0.0228896394    0.0111454841    0.0111454841    0.0093351221    0.0092872986    0.0078863674    0.0078863674    0.0078775798    0.0077320358    0.0077320358    0.0073588334    0.0073588334    0.0071482076    0.0070776466    0.0070712925    0.0070712925
   1.4891284328    1.4891284328    1.9249835001    4.4643319930    4.4643319930    5.1998551365    5.7799135290    7.0352411978    7.0352411978    7.4176257881    8.3731169783    8.3731169783    8.8394800803    8.8394800803   11.1413763415   12.0429236280   13.1718806830   13.1718806831
   0.0271873024    0.0271873024    0.0212744017    0.0103150957    0.0103150957    0.0092854758    0.0086997807    0.0078658183    0.0078658183    0.0076943955    0.0073824545    0.0073824545    0.0072782575    0.0072782575    0.0070714252    0.0070873060    0.0071588014    0.0071588014
   1.4385981327    1.4385981327    1.8534615610    4.2379853459    4.2379853459    5.2108537350    5.4775729451    7.0591617777    7.0591617777    7.2280411176    7.8114932059    7.8114932059    8.6793909822    8.6793909822   10.3718229686   11.3752526560   12.1613638209   12.1613638209
   0.0281099410    0.0281099410    0.0220495392    0.0107199992    0.0107199992    0.0092727802    0.0089847656    0.0078541686    0.0078541686    0.0077755305    0.0075476676    0.0075476676    0.0073109885    0.0073109885    0.0070946379    0.0070714742    0.0070923382    0.0070923382
   1.3715199872    1.3715199872    1.7630893822    3.9780287712    3.9780287712    5.1234642570    5.1340775263    6.9462733672    6.9486312746    6.9486312746    7.2254187576    7.2254187576    8.3970431335    8.3970431335    9.5716686147   10.6441724167   10.9793755030   10.9793755030
   0.0294415618    0.0294415618    0.0231215135    0.0112518583    0.0112518583    0.0093755667    0.0093628469    0.0079103055    0.0079091025    0.0079091025    0.0077767045    0.0077767045    0.0073764311    0.0073764311    0.0071639562    0.0070820424    0.0070732251    0.0070732251
   1.5071388939    1.5071388939    1.9465690270    4.4999961805    4.4999961805    5.3093252358    5.8237472443    7.1855168709    7.1855168709    7.5225600956    8.4047766103    8.4047766103    8.9805722868    8.9805722868   11.1784541136   12.1230333683   13.2769130544   13.2769130544
   0.0268736601    0.0268736601    0.0210519770    0.0102556643    0.0102556643    0.0091620966    0.0086617378    0.0077947486    0.0077947486    0.0076525366    0.0073745007    0.0073745007    0.0072518645    0.0072518645    0.0070712280    0.0070906408    0.0071679016    0.0071679016
   1.5109991278    1.5109991278    1.9529121537    4.5262930339    4.5262930339    5.2854400473    5.8596694888    7.1514594546    7.1514594546    7.5295751497    8.4822989505    8.4822989505    8.9760442643    8.9760442643   11.2856832417   12.2067868138   13.3546910354   13.3546910354
   0.0268074268    0.0268074268    0.0209875785    0.0102125557    0.0102125557    0.0091884592    0.0086311391    0.0078104197    0.0078104197    0.0076498126    0.0073555890    0.0073555890    0.0072526770    0.0072526770    0.0070710958    0.0070944337    0.0071748827    0.0071748827
   1.4015739446    1.4015739446    1.7999266298    4.0312332036    4.0312332036    5.1986609286    5.3231111986    7.1320612743    7.2238192781    7.2238192781    7.2644847266    7.2644847266    8.6531036274    8.6531036274    9.6100769157   10.7731519702   10.9180959468   10.9180959468
   0.0288289272    0.0288289272    0.0226712179    0.0111365644    0.0111365644    0.0092868584    0.0091470191    0.0078194581    0.0077774213    0.0077774213    0.0077593639    0.0077593639    0.0073166567    0.0073166567    0.0071594087    0.0070778090    0.0070743136    0.0070743136
   1.3669473603    1.3669473603    1.7537311514    3.8947176324    3.8947176324    5.0181506419    5.2906603440    6.9552376808    6.9552376808    6.9966909273    7.1850748114    7.1850748114    8.5242974131    8.5242974131    9.1858447943   10.3428856733   10.3428856733   10.3976575850
   0.0295371700    0.0295371700    0.0232389985    0.0114396388    0.0114396388    0.0095054625    0.0091826713    0.0079057391    0.0079057391    0.0078848687    0.0077949504    0.0077949504    0.0073456721    0.0073456721    0.0072173454    0.0070962800    0.0070962800    0.0070932223
   1.3299498468    1.3299498468    1.7066057253    3.7969592895    3.7969592895    4.8931276417    5.1264851183    6.7939042584    6.7939042584    6.7984086850    6.9610305710    6.9610305710    8.2752822939    8.2752822939    8.9760609009   10.1244728196   10.1244728196   10.1385524473
   0.0303352869    0.0303352869    0.0238506909    0.0116719551    0.0116719551    0.0096687762    0.0093719395    0.0079909026    0.0079909026    0.0079884374    0.0079027983    0.0079027983    0.0074078990    0.0074078990    0.0072526740    0.0071106532    0.0071106532    0.0071096189
   1.3107083129    1.3107083129    1.6793255105    3.6782698519    3.6782698519    4.7323695497    5.2372438797    6.4696377970    6.4696377970    6.7840718265    7.1212340876    7.1212340876    8.3228467683    8.3228467683    8.5194283720    9.4927546233    9.4927546233    9.8126065529
   0.0307684381    0.0307684381    0.0242208594    0.0119728047    0.0119728047    0.0098945006    0.0092425949    0.0081825683    0.0081825683    0.0079963018    0.0078245388    0.0078245388    0.0073953636    0.0073953636    0.0073468101    0.0071737215    0.0071737215    0.0071375802
   1.2763309983    1.2763309983    1.6340331602    3.5459688059    3.5459688059    4.5576075372    5.2177278491    6.1698860861    6.1698860861    6.6663049234    7.1009003241    7.1009003241    8.1072856475    8.2181605736    8.2181605736    8.9953375547    8.9953375547    9.4623242946
   0.0315752793    0.0315752793    0.0248633640    0.0123348353    0.0123348353    0.0101619950    0.0092648800    0.0083871876    0.0083871876    0.0080629157    0.0078341504    0.0078341504    0.0074547541    0.0074233735    0.0074233735    0.0072492307    0.0072492307    0.0071776411
   1.3784391168    1.3784391168    1.7694512225    3.9489120222    3.9489120222    5.0905933577    5.2769498729    7.0311410965    7.0890510488    7.0890510488    7.1634864509    7.1634864509    8.5456012531    8.5456012531    9.3717482896   10.5480662868   10.6045439478   10.6045439478
   0.0292981152    0.0292981152    0.0230423730    0.0113164602    0.0113164602    0.0094153863    0.0091979038    0.0078678282    0.0078397937    0.0078397937    0.0078048570    0.0078048570    0.0073407285    0.0073407285    0.0071898260    0.0070859083    0.0070835616    0.0070835616
   1.3605155696    1.3605155696    1.7449029577    3.8629762102    3.8629762102    4.9756151229    5.3032052231    6.8752434938    6.8752434938    6.9800467934    7.2040643032    7.2040643032    8.5172610860    8.5172610860    9.0743624770   10.1885916096   10.1885916096   10.3101016492
   0.0296727552    0.0296727552    0.0233510133    0.0115136107    0.0115136107    0.0095598827    0.0091688223    0.0079471690    0.0079471690    0.0078932001    0.0077863191    0.0077863191    0.0073473177    0.0073473177    0.0072355368    0.0071060648    0.0071060648    0.0070982131
   1.4954620468    1.4954620468    1.9348070995    4.4998262842    4.4998262842    5.1794113634    5.8280184306    7.0056459288    7.0056459288    7.4352903089    8.4725452075    8.4725452075    8.8460830541    8.8460830541   11.2779878440   12.1544682463   13.2770993281   13.2770993282
   0.0270761293    0.0270761293    0.0211725418    0.0102559447    0.0102559447    0.0093092562    0.0086580725    0.0078804128    0.0078804128    0.0076872012    0.0073579249    0.0073579249    0.0072769720    0.0072769720    0.0070710839    0.0070920280    0.0071679181    0.0071679181
