   1.0018475e+00
   9.8952327e-01
   9.9824935e-01
   1.0145546e+00
   9.8521409e-01
   1.0080391e+00
   1.0180929e+00
   9.5280943e-01
   1.0005761e+00
   1.0223005e+00
   9.8470635e-01
   9.8260247e-01
   9.9942718e-01
   1.0426546e+00
   1.0130924e+00
   9.9142060e-01
   1.0164777e+00
   9.8855400e-01
   9.9521948e-01
   1.0262721e+00
   1.0302414e+00
   9.9321841e-01
   9.7990899e-01
   9.9639660e-01
   9.6879779e-01
   9.8653787e-01
   1.0105218e+00
   9.6626644e-01
   1.0076751e+00
   1.0061612e+00
   9.7717785e-01
   9.9368843e-01
   9.7647280e-01
   1.0099730e+00
   1.0353113e+00
   9.7357443e-01
   1.0197650e+00
   1.0028975e+00
   1.0242659e+00
   1.0041453e+00
   1.0176442e+00
   9.8675366e-01
   9.9759121e-01
   9.9196221e-01
   1.0120952e+00
   9.7523102e-01
   1.0236931e+00
   9.9454825e-01
   1.0443961e+00
   1.0165255e+00
   1.0144679e+00
   1.0287712e+00
   9.8288217e-01
   1.0028087e+00
   9.7813025e-01
   1.0041932e+00
   9.8640220e-01
   9.4563237e-01
   1.0113774e+00
   1.0326281e+00
   9.9560260e-01
   1.0190453e+00
   9.9683872e-01
   9.9359249e-01
   1.0014563e+00
   9.8929309e-01
   1.0051222e+00
   9.9996366e-01
   9.7373188e-01
   1.0332854e+00
   1.0100264e+00
   1.0077077e+00
   9.9014517e-01
   9.6881449e-01
   1.0008208e+00
   1.0209727e+00
   9.6654123e-01
   1.0074795e+00
   9.7989243e-01
   9.8327456e-01
