 1.   1.   1.   1.   2.   3.   4.   5.   6.   7.
 2.   1.   1.   1.   2.   3.   4.   5.   6.   7.
 3.   1.   1.   1.   2.   3.   4.   5.   6.   7.
 4.   1.   1.   1.   2.   3.   4.   5.   6.   7.
 5.   1.   1.   1.   2.   3.   4.   5.   6.   7.
 6.   1.   1.   1.   2.   3.   4.   5.   6.   7.
 7.   1.   1.   1.   2.   3.   4.   5.   6.   7.
 8.   1.   1.   1.   2.   3.   4.   5.   6.   7.
 9.   1.   1.   1.   2.   3.   4.   5.   6.   7.
10.   1.   1.   1.   2.   3.   4.   5.   6.   7.
11.   1.   1.   1.   2.   3.   4.   5.   6.   7.
12.   1.   1.   1.   2.   3.   4.   5.   6.   7.
13.   1.   1.   1.   2.   3.   4.   5.   6.   7.
14.   1.   1.   1.   2.   3.   4.   5.   6.   7.
15.   1.   1.   1.   2.   3.   4.   5.   6.   7.
16.   1.   1.   1.   2.   3.   4.   5.   6.   7.
17.   1.   1.   1.   2.   3.   4.   5.   6.   7.
18.   1.   1.   1.   2.   3.   4.   5.   6.   7.
19.   1.   1.   1.   2.   3.   4.   5.   6.   7.
20.   1.   1.   1.   2.   3.   4.   5.   6.   7.
21.   1.   1.   1.   2.   3.   4.   5.   6.   7.
22.   1.   1.   1.   2.   3.   4.   5.   6.   7.
23.   1.   1.   1.   2.   3.   4.   5.   6.   7.
24.   1.   1.   1.   2.   3.   4.   5.   6.   7.
25.   1.   1.   1.   2.   3.   4.   5.   6.   7.
26.   1.   1.   1.   2.   3.   4.   5.   6.   7.
27.   1.   1.   1.   2.   3.   4.   5.   6.   7.
28.   1.   1.   1.   2.   3.   4.   5.   6.   7.
29.   1.   1.   1.   2.   3.   4.   5.   6.   7.
30.   1.   1.   1.   2.   3.   4.   5.   6.   7.
31.   1.   1.   1.   2.   3.   4.   5.   6.   7.
32.   1.   1.   1.   2.   3.   4.   5.   6.   7.
33.   1.   1.   1.   2.   3.   4.   5.   6.   7.
34.   1.   1.   1.   2.   3.   4.   5.   6.   7.
35.   1.   1.   1.   2.   3.   4.   5.   6.   7.
36.   1.   1.   1.   2.   3.   4.   5.   6.   7.
37.   1.   1.   1.   2.   3.   4.   5.   6.   7.
38.   1.   1.   1.   2.   3.   4.   5.   6.   7.
39.   1.   1.   1.   2.   3.   4.   5.   6.   7.
40.   1.   1.   1.   2.   3.   4.   5.   6.   7.
41.   1.   1.   1.   2.   3.   4.   5.   6.   7.
42.   1.   1.   1.   2.   3.   4.   5.   6.   7.
43.   1.   1.   1.   2.   3.   4.   5.   6.   7.
44.   1.   1.   1.   2.   3.   4.   5.   6.   7.
45.   1.   1.   1.   2.   3.   4.   5.   6.   7.
46.   1.   1.   1.   2.   3.   4.   5.   6.   7.
47.   1.   1.   1.   2.   3.   4.   5.   6.   7.
48.   1.   1.   1.   2.   3.   4.   5.   6.   7.
49.   1.   1.   1.   2.   3.   4.   5.   6.   7.
50.   1.   1.   1.   2.   3.   4.   5.   6.   7.
