   1.0000000e+03
   1.0120060e+03
   1.0240120e+03
   1.0360180e+03
   1.0480240e+03
   1.0600300e+03
   1.0720360e+03
   1.0840420e+03
   1.0960480e+03
   1.1080540e+03
   1.1200600e+03
   1.1320660e+03
   1.1440720e+03
   1.1560780e+03
   1.1680840e+03
   1.1800900e+03
   1.1920960e+03
   1.2041021e+03
   1.2161081e+03
   1.2281141e+03
   1.2401201e+03
   1.2521261e+03
   1.2641321e+03
   1.2761381e+03
   1.2881441e+03
   1.3001501e+03
   1.3121561e+03
   1.3241621e+03
   1.3361681e+03
   1.3481741e+03
   1.3601801e+03
   1.3721861e+03
   1.3841921e+03
   1.3961981e+03
   1.4082041e+03
   1.4202101e+03
   1.4322161e+03
   1.4442221e+03
   1.4562281e+03
   1.4682341e+03
   1.4802401e+03
   1.4922461e+03
   1.5042521e+03
   1.5162581e+03
   1.5282641e+03
   1.5402701e+03
   1.5522761e+03
   1.5642821e+03
   1.5762881e+03
   1.5882941e+03
   1.6003002e+03
   1.6123062e+03
   1.6243122e+03
   1.6363182e+03
   1.6483242e+03
   1.6603302e+03
   1.6723362e+03
   1.6843422e+03
   1.6963482e+03
   1.7083542e+03
   1.7203602e+03
   1.7323662e+03
   1.7443722e+03
   1.7563782e+03
   1.7683842e+03
   1.7803902e+03
   1.7923962e+03
   1.8044022e+03
   1.8164082e+03
   1.8284142e+03
   1.8404202e+03
   1.8524262e+03
   1.8644322e+03
   1.8764382e+03
   1.8884442e+03
   1.9004502e+03
   1.9124562e+03
   1.9244622e+03
   1.9364682e+03
   1.9484742e+03
   1.9604802e+03
   1.9724862e+03
   1.9844922e+03
   1.9964982e+03
   2.0085043e+03
   2.0205103e+03
   2.0325163e+03
   2.0445223e+03
   2.0565283e+03
   2.0685343e+03
   2.0805403e+03
   2.0925463e+03
   2.1045523e+03
   2.1165583e+03
   2.1285643e+03
   2.1405703e+03
   2.1525763e+03
   2.1645823e+03
   2.1765883e+03
   2.1885943e+03
   2.2006003e+03
   2.2126063e+03
   2.2246123e+03
   2.2366183e+03
   2.2486243e+03
   2.2606303e+03
   2.2726363e+03
   2.2846423e+03
   2.2966483e+03
   2.3086543e+03
   2.3206603e+03
   2.3326663e+03
   2.3446723e+03
   2.3566783e+03
   2.3686843e+03
   2.3806903e+03
   2.3926963e+03
   2.4047024e+03
   2.4167084e+03
   2.4287144e+03
   2.4407204e+03
   2.4527264e+03
   2.4647324e+03
   2.4767384e+03
   2.4887444e+03
   2.5007504e+03
   2.5127564e+03
   2.5247624e+03
   2.5367684e+03
   2.5487744e+03
   2.5607804e+03
   2.5727864e+03
   2.5847924e+03
   2.5967984e+03
   2.6088044e+03
   2.6208104e+03
   2.6328164e+03
   2.6448224e+03
   2.6568284e+03
   2.6688344e+03
   2.6808404e+03
   2.6928464e+03
   2.7048524e+03
   2.7168584e+03
   2.7288644e+03
   2.7408704e+03
   2.7528764e+03
   2.7648824e+03
   2.7768884e+03
   2.7888944e+03
   2.8009005e+03
   2.8129065e+03
   2.8249125e+03
   2.8369185e+03
   2.8489245e+03
   2.8609305e+03
   2.8729365e+03
   2.8849425e+03
   2.8969485e+03
   2.9089545e+03
   2.9209605e+03
   2.9329665e+03
   2.9449725e+03
   2.9569785e+03
   2.9689845e+03
   2.9809905e+03
   2.9929965e+03
   3.0050025e+03
   3.0170085e+03
   3.0290145e+03
   3.0410205e+03
   3.0530265e+03
   3.0650325e+03
   3.0770385e+03
   3.0890445e+03
   3.1010505e+03
   3.1130565e+03
   3.1250625e+03
   3.1370685e+03
   3.1490745e+03
   3.1610805e+03
   3.1730865e+03
   3.1850925e+03
   3.1970985e+03
   3.2091046e+03
   3.2211106e+03
   3.2331166e+03
   3.2451226e+03
   3.2571286e+03
   3.2691346e+03
   3.2811406e+03
   3.2931466e+03
   3.3051526e+03
   3.3171586e+03
   3.3291646e+03
   3.3411706e+03
   3.3531766e+03
   3.3651826e+03
   3.3771886e+03
   3.3891946e+03
   3.4012006e+03
   3.4132066e+03
   3.4252126e+03
   3.4372186e+03
   3.4492246e+03
   3.4612306e+03
   3.4732366e+03
   3.4852426e+03
   3.4972486e+03
   3.5092546e+03
   3.5212606e+03
   3.5332666e+03
   3.5452726e+03
   3.5572786e+03
   3.5692846e+03
   3.5812906e+03
   3.5932966e+03
   3.6053027e+03
   3.6173087e+03
   3.6293147e+03
   3.6413207e+03
   3.6533267e+03
   3.6653327e+03
   3.6773387e+03
   3.6893447e+03
   3.7013507e+03
   3.7133567e+03
   3.7253627e+03
   3.7373687e+03
   3.7493747e+03
   3.7613807e+03
   3.7733867e+03
   3.7853927e+03
   3.7973987e+03
   3.8094047e+03
   3.8214107e+03
   3.8334167e+03
   3.8454227e+03
   3.8574287e+03
   3.8694347e+03
   3.8814407e+03
   3.8934467e+03
   3.9054527e+03
   3.9174587e+03
   3.9294647e+03
   3.9414707e+03
   3.9534767e+03
   3.9654827e+03
   3.9774887e+03
   3.9894947e+03
   4.0015008e+03
   4.0135068e+03
   4.0255128e+03
   4.0375188e+03
   4.0495248e+03
   4.0615308e+03
   4.0735368e+03
   4.0855428e+03
   4.0975488e+03
   4.1095548e+03
   4.1215608e+03
   4.1335668e+03
   4.1455728e+03
   4.1575788e+03
   4.1695848e+03
   4.1815908e+03
   4.1935968e+03
   4.2056028e+03
   4.2176088e+03
   4.2296148e+03
   4.2416208e+03
   4.2536268e+03
   4.2656328e+03
   4.2776388e+03
   4.2896448e+03
   4.3016508e+03
   4.3136568e+03
   4.3256628e+03
   4.3376688e+03
   4.3496748e+03
   4.3616808e+03
   4.3736868e+03
   4.3856928e+03
   4.3976988e+03
   4.4097049e+03
   4.4217109e+03
   4.4337169e+03
   4.4457229e+03
   4.4577289e+03
   4.4697349e+03
   4.4817409e+03
   4.4937469e+03
   4.5057529e+03
   4.5177589e+03
   4.5297649e+03
   4.5417709e+03
   4.5537769e+03
   4.5657829e+03
   4.5777889e+03
   4.5897949e+03
   4.6018009e+03
   4.6138069e+03
   4.6258129e+03
   4.6378189e+03
   4.6498249e+03
   4.6618309e+03
   4.6738369e+03
   4.6858429e+03
   4.6978489e+03
   4.7098549e+03
   4.7218609e+03
   4.7338669e+03
   4.7458729e+03
   4.7578789e+03
   4.7698849e+03
   4.7818909e+03
   4.7938969e+03
   4.8059030e+03
   4.8179090e+03
   4.8299150e+03
   4.8419210e+03
   4.8539270e+03
   4.8659330e+03
   4.8779390e+03
   4.8899450e+03
   4.9019510e+03
   4.9139570e+03
   4.9259630e+03
   4.9379690e+03
   4.9499750e+03
   4.9619810e+03
   4.9739870e+03
   4.9859930e+03
   4.9979990e+03
   5.0100050e+03
   5.0220110e+03
   5.0340170e+03
   5.0460230e+03
   5.0580290e+03
   5.0700350e+03
   5.0820410e+03
   5.0940470e+03
   5.1060530e+03
   5.1180590e+03
   5.1300650e+03
   5.1420710e+03
   5.1540770e+03
   5.1660830e+03
   5.1780890e+03
   5.1900950e+03
   5.2021011e+03
   5.2141071e+03
   5.2261131e+03
   5.2381191e+03
   5.2501251e+03
   5.2621311e+03
   5.2741371e+03
   5.2861431e+03
   5.2981491e+03
   5.3101551e+03
   5.3221611e+03
   5.3341671e+03
   5.3461731e+03
   5.3581791e+03
   5.3701851e+03
   5.3821911e+03
   5.3941971e+03
   5.4062031e+03
   5.4182091e+03
   5.4302151e+03
   5.4422211e+03
   5.4542271e+03
   5.4662331e+03
   5.4782391e+03
   5.4902451e+03
   5.5022511e+03
   5.5142571e+03
   5.5262631e+03
   5.5382691e+03
   5.5502751e+03
   5.5622811e+03
   5.5742871e+03
   5.5862931e+03
   5.5982991e+03
   5.6103052e+03
   5.6223112e+03
   5.6343172e+03
   5.6463232e+03
   5.6583292e+03
   5.6703352e+03
   5.6823412e+03
   5.6943472e+03
   5.7063532e+03
   5.7183592e+03
   5.7303652e+03
   5.7423712e+03
   5.7543772e+03
   5.7663832e+03
   5.7783892e+03
   5.7903952e+03
   5.8024012e+03
   5.8144072e+03
   5.8264132e+03
   5.8384192e+03
   5.8504252e+03
   5.8624312e+03
   5.8744372e+03
   5.8864432e+03
   5.8984492e+03
   5.9104552e+03
   5.9224612e+03
   5.9344672e+03
   5.9464732e+03
   5.9584792e+03
   5.9704852e+03
   5.9824912e+03
   5.9944972e+03
   6.0065033e+03
   6.0185093e+03
   6.0305153e+03
   6.0425213e+03
   6.0545273e+03
   6.0665333e+03
   6.0785393e+03
   6.0905453e+03
   6.1025513e+03
   6.1145573e+03
   6.1265633e+03
   6.1385693e+03
   6.1505753e+03
   6.1625813e+03
   6.1745873e+03
   6.1865933e+03
   6.1985993e+03
   6.2106053e+03
   6.2226113e+03
   6.2346173e+03
   6.2466233e+03
   6.2586293e+03
   6.2706353e+03
   6.2826413e+03
   6.2946473e+03
   6.3066533e+03
   6.3186593e+03
   6.3306653e+03
   6.3426713e+03
   6.3546773e+03
   6.3666833e+03
   6.3786893e+03
   6.3906953e+03
   6.4027014e+03
   6.4147074e+03
   6.4267134e+03
   6.4387194e+03
   6.4507254e+03
   6.4627314e+03
   6.4747374e+03
   6.4867434e+03
   6.4987494e+03
   6.5107554e+03
   6.5227614e+03
   6.5347674e+03
   6.5467734e+03
   6.5587794e+03
   6.5707854e+03
   6.5827914e+03
   6.5947974e+03
   6.6068034e+03
   6.6188094e+03
   6.6308154e+03
   6.6428214e+03
   6.6548274e+03
   6.6668334e+03
   6.6788394e+03
   6.6908454e+03
   6.7028514e+03
   6.7148574e+03
   6.7268634e+03
   6.7388694e+03
   6.7508754e+03
   6.7628814e+03
   6.7748874e+03
   6.7868934e+03
   6.7988994e+03
   6.8109055e+03
   6.8229115e+03
   6.8349175e+03
   6.8469235e+03
   6.8589295e+03
   6.8709355e+03
   6.8829415e+03
   6.8949475e+03
   6.9069535e+03
   6.9189595e+03
   6.9309655e+03
   6.9429715e+03
   6.9549775e+03
   6.9669835e+03
   6.9789895e+03
   6.9909955e+03
   7.0030015e+03
   7.0150075e+03
   7.0270135e+03
   7.0390195e+03
   7.0510255e+03
   7.0630315e+03
   7.0750375e+03
   7.0870435e+03
   7.0990495e+03
   7.1110555e+03
   7.1230615e+03
   7.1350675e+03
   7.1470735e+03
   7.1590795e+03
   7.1710855e+03
   7.1830915e+03
   7.1950975e+03
   7.2071036e+03
   7.2191096e+03
   7.2311156e+03
   7.2431216e+03
   7.2551276e+03
   7.2671336e+03
   7.2791396e+03
   7.2911456e+03
   7.3031516e+03
   7.3151576e+03
   7.3271636e+03
   7.3391696e+03
   7.3511756e+03
   7.3631816e+03
   7.3751876e+03
   7.3871936e+03
   7.3991996e+03
   7.4112056e+03
   7.4232116e+03
   7.4352176e+03
   7.4472236e+03
   7.4592296e+03
   7.4712356e+03
   7.4832416e+03
   7.4952476e+03
   7.5072536e+03
   7.5192596e+03
   7.5312656e+03
   7.5432716e+03
   7.5552776e+03
   7.5672836e+03
   7.5792896e+03
   7.5912956e+03
   7.6033017e+03
   7.6153077e+03
   7.6273137e+03
   7.6393197e+03
   7.6513257e+03
   7.6633317e+03
   7.6753377e+03
   7.6873437e+03
   7.6993497e+03
   7.7113557e+03
   7.7233617e+03
   7.7353677e+03
   7.7473737e+03
   7.7593797e+03
   7.7713857e+03
   7.7833917e+03
   7.7953977e+03
   7.8074037e+03
   7.8194097e+03
   7.8314157e+03
   7.8434217e+03
   7.8554277e+03
   7.8674337e+03
   7.8794397e+03
   7.8914457e+03
   7.9034517e+03
   7.9154577e+03
   7.9274637e+03
   7.9394697e+03
   7.9514757e+03
   7.9634817e+03
   7.9754877e+03
   7.9874937e+03
   7.9994997e+03
   8.0115058e+03
   8.0235118e+03
   8.0355178e+03
   8.0475238e+03
   8.0595298e+03
   8.0715358e+03
   8.0835418e+03
   8.0955478e+03
   8.1075538e+03
   8.1195598e+03
   8.1315658e+03
   8.1435718e+03
   8.1555778e+03
   8.1675838e+03
   8.1795898e+03
   8.1915958e+03
   8.2036018e+03
   8.2156078e+03
   8.2276138e+03
   8.2396198e+03
   8.2516258e+03
   8.2636318e+03
   8.2756378e+03
   8.2876438e+03
   8.2996498e+03
   8.3116558e+03
   8.3236618e+03
   8.3356678e+03
   8.3476738e+03
   8.3596798e+03
   8.3716858e+03
   8.3836918e+03
   8.3956978e+03
   8.4077039e+03
   8.4197099e+03
   8.4317159e+03
   8.4437219e+03
   8.4557279e+03
   8.4677339e+03
   8.4797399e+03
   8.4917459e+03
   8.5037519e+03
   8.5157579e+03
   8.5277639e+03
   8.5397699e+03
   8.5517759e+03
   8.5637819e+03
   8.5757879e+03
   8.5877939e+03
   8.5997999e+03
   8.6118059e+03
   8.6238119e+03
   8.6358179e+03
   8.6478239e+03
   8.6598299e+03
   8.6718359e+03
   8.6838419e+03
   8.6958479e+03
   8.7078539e+03
   8.7198599e+03
   8.7318659e+03
   8.7438719e+03
   8.7558779e+03
   8.7678839e+03
   8.7798899e+03
   8.7918959e+03
   8.8039020e+03
   8.8159080e+03
   8.8279140e+03
   8.8399200e+03
   8.8519260e+03
   8.8639320e+03
   8.8759380e+03
   8.8879440e+03
   8.8999500e+03
   8.9119560e+03
   8.9239620e+03
   8.9359680e+03
   8.9479740e+03
   8.9599800e+03
   8.9719860e+03
   8.9839920e+03
   8.9959980e+03
   9.0080040e+03
   9.0200100e+03
   9.0320160e+03
   9.0440220e+03
   9.0560280e+03
   9.0680340e+03
   9.0800400e+03
   9.0920460e+03
   9.1040520e+03
   9.1160580e+03
   9.1280640e+03
   9.1400700e+03
   9.1520760e+03
   9.1640820e+03
   9.1760880e+03
   9.1880940e+03
   9.2001001e+03
   9.2121061e+03
   9.2241121e+03
   9.2361181e+03
   9.2481241e+03
   9.2601301e+03
   9.2721361e+03
   9.2841421e+03
   9.2961481e+03
   9.3081541e+03
   9.3201601e+03
   9.3321661e+03
   9.3441721e+03
   9.3561781e+03
   9.3681841e+03
   9.3801901e+03
   9.3921961e+03
   9.4042021e+03
   9.4162081e+03
   9.4282141e+03
   9.4402201e+03
   9.4522261e+03
   9.4642321e+03
   9.4762381e+03
   9.4882441e+03
   9.5002501e+03
   9.5122561e+03
   9.5242621e+03
   9.5362681e+03
   9.5482741e+03
   9.5602801e+03
   9.5722861e+03
   9.5842921e+03
   9.5962981e+03
   9.6083042e+03
   9.6203102e+03
   9.6323162e+03
   9.6443222e+03
   9.6563282e+03
   9.6683342e+03
   9.6803402e+03
   9.6923462e+03
   9.7043522e+03
   9.7163582e+03
   9.7283642e+03
   9.7403702e+03
   9.7523762e+03
   9.7643822e+03
   9.7763882e+03
   9.7883942e+03
   9.8004002e+03
   9.8124062e+03
   9.8244122e+03
   9.8364182e+03
   9.8484242e+03
   9.8604302e+03
   9.8724362e+03
   9.8844422e+03
   9.8964482e+03
   9.9084542e+03
   9.9204602e+03
   9.9324662e+03
   9.9444722e+03
   9.9564782e+03
   9.9684842e+03
   9.9804902e+03
   9.9924962e+03
   1.0004502e+04
   1.0016508e+04
   1.0028514e+04
   1.0040520e+04
   1.0052526e+04
   1.0064532e+04
   1.0076538e+04
   1.0088544e+04
   1.0100550e+04
   1.0112556e+04
   1.0124562e+04
   1.0136568e+04
   1.0148574e+04
   1.0160580e+04
   1.0172586e+04
   1.0184592e+04
   1.0196598e+04
   1.0208604e+04
   1.0220610e+04
   1.0232616e+04
   1.0244622e+04
   1.0256628e+04
   1.0268634e+04
   1.0280640e+04
   1.0292646e+04
   1.0304652e+04
   1.0316658e+04
   1.0328664e+04
   1.0340670e+04
   1.0352676e+04
   1.0364682e+04
   1.0376688e+04
   1.0388694e+04
   1.0400700e+04
   1.0412706e+04
   1.0424712e+04
   1.0436718e+04
   1.0448724e+04
   1.0460730e+04
   1.0472736e+04
   1.0484742e+04
   1.0496748e+04
   1.0508754e+04
   1.0520760e+04
   1.0532766e+04
   1.0544772e+04
   1.0556778e+04
   1.0568784e+04
   1.0580790e+04
   1.0592796e+04
   1.0604802e+04
   1.0616808e+04
   1.0628814e+04
   1.0640820e+04
   1.0652826e+04
   1.0664832e+04
   1.0676838e+04
   1.0688844e+04
   1.0700850e+04
   1.0712856e+04
   1.0724862e+04
   1.0736868e+04
   1.0748874e+04
   1.0760880e+04
   1.0772886e+04
   1.0784892e+04
   1.0796898e+04
   1.0808904e+04
   1.0820910e+04
   1.0832916e+04
   1.0844922e+04
   1.0856928e+04
   1.0868934e+04
   1.0880940e+04
   1.0892946e+04
   1.0904952e+04
   1.0916958e+04
   1.0928964e+04
   1.0940970e+04
   1.0952976e+04
   1.0964982e+04
   1.0976988e+04
   1.0988994e+04
   1.1001001e+04
   1.1013007e+04
   1.1025013e+04
   1.1037019e+04
   1.1049025e+04
   1.1061031e+04
   1.1073037e+04
   1.1085043e+04
   1.1097049e+04
   1.1109055e+04
   1.1121061e+04
   1.1133067e+04
   1.1145073e+04
   1.1157079e+04
   1.1169085e+04
   1.1181091e+04
   1.1193097e+04
   1.1205103e+04
   1.1217109e+04
   1.1229115e+04
   1.1241121e+04
   1.1253127e+04
   1.1265133e+04
   1.1277139e+04
   1.1289145e+04
   1.1301151e+04
   1.1313157e+04
   1.1325163e+04
   1.1337169e+04
   1.1349175e+04
   1.1361181e+04
   1.1373187e+04
   1.1385193e+04
   1.1397199e+04
   1.1409205e+04
   1.1421211e+04
   1.1433217e+04
   1.1445223e+04
   1.1457229e+04
   1.1469235e+04
   1.1481241e+04
   1.1493247e+04
   1.1505253e+04
   1.1517259e+04
   1.1529265e+04
   1.1541271e+04
   1.1553277e+04
   1.1565283e+04
   1.1577289e+04
   1.1589295e+04
   1.1601301e+04
   1.1613307e+04
   1.1625313e+04
   1.1637319e+04
   1.1649325e+04
   1.1661331e+04
   1.1673337e+04
   1.1685343e+04
   1.1697349e+04
   1.1709355e+04
   1.1721361e+04
   1.1733367e+04
   1.1745373e+04
   1.1757379e+04
   1.1769385e+04
   1.1781391e+04
   1.1793397e+04
   1.1805403e+04
   1.1817409e+04
   1.1829415e+04
   1.1841421e+04
   1.1853427e+04
   1.1865433e+04
   1.1877439e+04
   1.1889445e+04
   1.1901451e+04
   1.1913457e+04
   1.1925463e+04
   1.1937469e+04
   1.1949475e+04
   1.1961481e+04
   1.1973487e+04
   1.1985493e+04
   1.1997499e+04
   1.2009505e+04
   1.2021511e+04
   1.2033517e+04
   1.2045523e+04
   1.2057529e+04
   1.2069535e+04
   1.2081541e+04
   1.2093547e+04
   1.2105553e+04
   1.2117559e+04
   1.2129565e+04
   1.2141571e+04
   1.2153577e+04
   1.2165583e+04
   1.2177589e+04
   1.2189595e+04
   1.2201601e+04
   1.2213607e+04
   1.2225613e+04
   1.2237619e+04
   1.2249625e+04
   1.2261631e+04
   1.2273637e+04
   1.2285643e+04
   1.2297649e+04
   1.2309655e+04
   1.2321661e+04
   1.2333667e+04
   1.2345673e+04
   1.2357679e+04
   1.2369685e+04
   1.2381691e+04
   1.2393697e+04
   1.2405703e+04
   1.2417709e+04
   1.2429715e+04
   1.2441721e+04
   1.2453727e+04
   1.2465733e+04
   1.2477739e+04
   1.2489745e+04
   1.2501751e+04
   1.2513757e+04
   1.2525763e+04
   1.2537769e+04
   1.2549775e+04
   1.2561781e+04
   1.2573787e+04
   1.2585793e+04
   1.2597799e+04
   1.2609805e+04
   1.2621811e+04
   1.2633817e+04
   1.2645823e+04
   1.2657829e+04
   1.2669835e+04
   1.2681841e+04
   1.2693847e+04
   1.2705853e+04
   1.2717859e+04
   1.2729865e+04
   1.2741871e+04
   1.2753877e+04
   1.2765883e+04
   1.2777889e+04
   1.2789895e+04
   1.2801901e+04
   1.2813907e+04
   1.2825913e+04
   1.2837919e+04
   1.2849925e+04
   1.2861931e+04
   1.2873937e+04
   1.2885943e+04
   1.2897949e+04
   1.2909955e+04
   1.2921961e+04
   1.2933967e+04
   1.2945973e+04
   1.2957979e+04
   1.2969985e+04
   1.2981991e+04
   1.2993997e+04
   1.3006003e+04
   1.3018009e+04
   1.3030015e+04
   1.3042021e+04
   1.3054027e+04
   1.3066033e+04
   1.3078039e+04
   1.3090045e+04
   1.3102051e+04
   1.3114057e+04
   1.3126063e+04
   1.3138069e+04
   1.3150075e+04
   1.3162081e+04
   1.3174087e+04
   1.3186093e+04
   1.3198099e+04
   1.3210105e+04
   1.3222111e+04
   1.3234117e+04
   1.3246123e+04
   1.3258129e+04
   1.3270135e+04
   1.3282141e+04
   1.3294147e+04
   1.3306153e+04
   1.3318159e+04
   1.3330165e+04
   1.3342171e+04
   1.3354177e+04
   1.3366183e+04
   1.3378189e+04
   1.3390195e+04
   1.3402201e+04
   1.3414207e+04
   1.3426213e+04
   1.3438219e+04
   1.3450225e+04
   1.3462231e+04
   1.3474237e+04
   1.3486243e+04
   1.3498249e+04
   1.3510255e+04
   1.3522261e+04
   1.3534267e+04
   1.3546273e+04
   1.3558279e+04
   1.3570285e+04
   1.3582291e+04
   1.3594297e+04
   1.3606303e+04
   1.3618309e+04
   1.3630315e+04
   1.3642321e+04
   1.3654327e+04
   1.3666333e+04
   1.3678339e+04
   1.3690345e+04
   1.3702351e+04
   1.3714357e+04
   1.3726363e+04
   1.3738369e+04
   1.3750375e+04
   1.3762381e+04
   1.3774387e+04
   1.3786393e+04
   1.3798399e+04
   1.3810405e+04
   1.3822411e+04
   1.3834417e+04
   1.3846423e+04
   1.3858429e+04
   1.3870435e+04
   1.3882441e+04
   1.3894447e+04
   1.3906453e+04
   1.3918459e+04
   1.3930465e+04
   1.3942471e+04
   1.3954477e+04
   1.3966483e+04
   1.3978489e+04
   1.3990495e+04
   1.4002501e+04
   1.4014507e+04
   1.4026513e+04
   1.4038519e+04
   1.4050525e+04
   1.4062531e+04
   1.4074537e+04
   1.4086543e+04
   1.4098549e+04
   1.4110555e+04
   1.4122561e+04
   1.4134567e+04
   1.4146573e+04
   1.4158579e+04
   1.4170585e+04
   1.4182591e+04
   1.4194597e+04
   1.4206603e+04
   1.4218609e+04
   1.4230615e+04
   1.4242621e+04
   1.4254627e+04
   1.4266633e+04
   1.4278639e+04
   1.4290645e+04
   1.4302651e+04
   1.4314657e+04
   1.4326663e+04
   1.4338669e+04
   1.4350675e+04
   1.4362681e+04
   1.4374687e+04
   1.4386693e+04
   1.4398699e+04
   1.4410705e+04
   1.4422711e+04
   1.4434717e+04
   1.4446723e+04
   1.4458729e+04
   1.4470735e+04
   1.4482741e+04
   1.4494747e+04
   1.4506753e+04
   1.4518759e+04
   1.4530765e+04
   1.4542771e+04
   1.4554777e+04
   1.4566783e+04
   1.4578789e+04
   1.4590795e+04
   1.4602801e+04
   1.4614807e+04
   1.4626813e+04
   1.4638819e+04
   1.4650825e+04
   1.4662831e+04
   1.4674837e+04
   1.4686843e+04
   1.4698849e+04
   1.4710855e+04
   1.4722861e+04
   1.4734867e+04
   1.4746873e+04
   1.4758879e+04
   1.4770885e+04
   1.4782891e+04
   1.4794897e+04
   1.4806903e+04
   1.4818909e+04
   1.4830915e+04
   1.4842921e+04
   1.4854927e+04
   1.4866933e+04
   1.4878939e+04
   1.4890945e+04
   1.4902951e+04
   1.4914957e+04
   1.4926963e+04
   1.4938969e+04
   1.4950975e+04
   1.4962981e+04
   1.4974987e+04
   1.4986993e+04
   1.4998999e+04
   1.5011006e+04
   1.5023012e+04
   1.5035018e+04
   1.5047024e+04
   1.5059030e+04
   1.5071036e+04
   1.5083042e+04
   1.5095048e+04
   1.5107054e+04
   1.5119060e+04
   1.5131066e+04
   1.5143072e+04
   1.5155078e+04
   1.5167084e+04
   1.5179090e+04
   1.5191096e+04
   1.5203102e+04
   1.5215108e+04
   1.5227114e+04
   1.5239120e+04
   1.5251126e+04
   1.5263132e+04
   1.5275138e+04
   1.5287144e+04
   1.5299150e+04
   1.5311156e+04
   1.5323162e+04
   1.5335168e+04
   1.5347174e+04
   1.5359180e+04
   1.5371186e+04
   1.5383192e+04
   1.5395198e+04
   1.5407204e+04
   1.5419210e+04
   1.5431216e+04
   1.5443222e+04
   1.5455228e+04
   1.5467234e+04
   1.5479240e+04
   1.5491246e+04
   1.5503252e+04
   1.5515258e+04
   1.5527264e+04
   1.5539270e+04
   1.5551276e+04
   1.5563282e+04
   1.5575288e+04
   1.5587294e+04
   1.5599300e+04
   1.5611306e+04
   1.5623312e+04
   1.5635318e+04
   1.5647324e+04
   1.5659330e+04
   1.5671336e+04
   1.5683342e+04
   1.5695348e+04
   1.5707354e+04
   1.5719360e+04
   1.5731366e+04
   1.5743372e+04
   1.5755378e+04
   1.5767384e+04
   1.5779390e+04
   1.5791396e+04
   1.5803402e+04
   1.5815408e+04
   1.5827414e+04
   1.5839420e+04
   1.5851426e+04
   1.5863432e+04
   1.5875438e+04
   1.5887444e+04
   1.5899450e+04
   1.5911456e+04
   1.5923462e+04
   1.5935468e+04
   1.5947474e+04
   1.5959480e+04
   1.5971486e+04
   1.5983492e+04
   1.5995498e+04
   1.6007504e+04
   1.6019510e+04
   1.6031516e+04
   1.6043522e+04
   1.6055528e+04
   1.6067534e+04
   1.6079540e+04
   1.6091546e+04
   1.6103552e+04
   1.6115558e+04
   1.6127564e+04
   1.6139570e+04
   1.6151576e+04
   1.6163582e+04
   1.6175588e+04
   1.6187594e+04
   1.6199600e+04
   1.6211606e+04
   1.6223612e+04
   1.6235618e+04
   1.6247624e+04
   1.6259630e+04
   1.6271636e+04
   1.6283642e+04
   1.6295648e+04
   1.6307654e+04
   1.6319660e+04
   1.6331666e+04
   1.6343672e+04
   1.6355678e+04
   1.6367684e+04
   1.6379690e+04
   1.6391696e+04
   1.6403702e+04
   1.6415708e+04
   1.6427714e+04
   1.6439720e+04
   1.6451726e+04
   1.6463732e+04
   1.6475738e+04
   1.6487744e+04
   1.6499750e+04
   1.6511756e+04
   1.6523762e+04
   1.6535768e+04
   1.6547774e+04
   1.6559780e+04
   1.6571786e+04
   1.6583792e+04
   1.6595798e+04
   1.6607804e+04
   1.6619810e+04
   1.6631816e+04
   1.6643822e+04
   1.6655828e+04
   1.6667834e+04
   1.6679840e+04
   1.6691846e+04
   1.6703852e+04
   1.6715858e+04
   1.6727864e+04
   1.6739870e+04
   1.6751876e+04
   1.6763882e+04
   1.6775888e+04
   1.6787894e+04
   1.6799900e+04
   1.6811906e+04
   1.6823912e+04
   1.6835918e+04
   1.6847924e+04
   1.6859930e+04
   1.6871936e+04
   1.6883942e+04
   1.6895948e+04
   1.6907954e+04
   1.6919960e+04
   1.6931966e+04
   1.6943972e+04
   1.6955978e+04
   1.6967984e+04
   1.6979990e+04
   1.6991996e+04
   1.7004002e+04
   1.7016008e+04
   1.7028014e+04
   1.7040020e+04
   1.7052026e+04
   1.7064032e+04
   1.7076038e+04
   1.7088044e+04
   1.7100050e+04
   1.7112056e+04
   1.7124062e+04
   1.7136068e+04
   1.7148074e+04
   1.7160080e+04
   1.7172086e+04
   1.7184092e+04
   1.7196098e+04
   1.7208104e+04
   1.7220110e+04
   1.7232116e+04
   1.7244122e+04
   1.7256128e+04
   1.7268134e+04
   1.7280140e+04
   1.7292146e+04
   1.7304152e+04
   1.7316158e+04
   1.7328164e+04
   1.7340170e+04
   1.7352176e+04
   1.7364182e+04
   1.7376188e+04
   1.7388194e+04
   1.7400200e+04
   1.7412206e+04
   1.7424212e+04
   1.7436218e+04
   1.7448224e+04
   1.7460230e+04
   1.7472236e+04
   1.7484242e+04
   1.7496248e+04
   1.7508254e+04
   1.7520260e+04
   1.7532266e+04
   1.7544272e+04
   1.7556278e+04
   1.7568284e+04
   1.7580290e+04
   1.7592296e+04
   1.7604302e+04
   1.7616308e+04
   1.7628314e+04
   1.7640320e+04
   1.7652326e+04
   1.7664332e+04
   1.7676338e+04
   1.7688344e+04
   1.7700350e+04
   1.7712356e+04
   1.7724362e+04
   1.7736368e+04
   1.7748374e+04
   1.7760380e+04
   1.7772386e+04
   1.7784392e+04
   1.7796398e+04
   1.7808404e+04
   1.7820410e+04
   1.7832416e+04
   1.7844422e+04
   1.7856428e+04
   1.7868434e+04
   1.7880440e+04
   1.7892446e+04
   1.7904452e+04
   1.7916458e+04
   1.7928464e+04
   1.7940470e+04
   1.7952476e+04
   1.7964482e+04
   1.7976488e+04
   1.7988494e+04
   1.8000500e+04
   1.8012506e+04
   1.8024512e+04
   1.8036518e+04
   1.8048524e+04
   1.8060530e+04
   1.8072536e+04
   1.8084542e+04
   1.8096548e+04
   1.8108554e+04
   1.8120560e+04
   1.8132566e+04
   1.8144572e+04
   1.8156578e+04
   1.8168584e+04
   1.8180590e+04
   1.8192596e+04
   1.8204602e+04
   1.8216608e+04
   1.8228614e+04
   1.8240620e+04
   1.8252626e+04
   1.8264632e+04
   1.8276638e+04
   1.8288644e+04
   1.8300650e+04
   1.8312656e+04
   1.8324662e+04
   1.8336668e+04
   1.8348674e+04
   1.8360680e+04
   1.8372686e+04
   1.8384692e+04
   1.8396698e+04
   1.8408704e+04
   1.8420710e+04
   1.8432716e+04
   1.8444722e+04
   1.8456728e+04
   1.8468734e+04
   1.8480740e+04
   1.8492746e+04
   1.8504752e+04
   1.8516758e+04
   1.8528764e+04
   1.8540770e+04
   1.8552776e+04
   1.8564782e+04
   1.8576788e+04
   1.8588794e+04
   1.8600800e+04
   1.8612806e+04
   1.8624812e+04
   1.8636818e+04
   1.8648824e+04
   1.8660830e+04
   1.8672836e+04
   1.8684842e+04
   1.8696848e+04
   1.8708854e+04
   1.8720860e+04
   1.8732866e+04
   1.8744872e+04
   1.8756878e+04
   1.8768884e+04
   1.8780890e+04
   1.8792896e+04
   1.8804902e+04
   1.8816908e+04
   1.8828914e+04
   1.8840920e+04
   1.8852926e+04
   1.8864932e+04
   1.8876938e+04
   1.8888944e+04
   1.8900950e+04
   1.8912956e+04
   1.8924962e+04
   1.8936968e+04
   1.8948974e+04
   1.8960980e+04
   1.8972986e+04
   1.8984992e+04
   1.8996998e+04
   1.9009005e+04
   1.9021011e+04
   1.9033017e+04
   1.9045023e+04
   1.9057029e+04
   1.9069035e+04
   1.9081041e+04
   1.9093047e+04
   1.9105053e+04
   1.9117059e+04
   1.9129065e+04
   1.9141071e+04
   1.9153077e+04
   1.9165083e+04
   1.9177089e+04
   1.9189095e+04
   1.9201101e+04
   1.9213107e+04
   1.9225113e+04
   1.9237119e+04
   1.9249125e+04
   1.9261131e+04
   1.9273137e+04
   1.9285143e+04
   1.9297149e+04
   1.9309155e+04
   1.9321161e+04
   1.9333167e+04
   1.9345173e+04
   1.9357179e+04
   1.9369185e+04
   1.9381191e+04
   1.9393197e+04
   1.9405203e+04
   1.9417209e+04
   1.9429215e+04
   1.9441221e+04
   1.9453227e+04
   1.9465233e+04
   1.9477239e+04
   1.9489245e+04
   1.9501251e+04
   1.9513257e+04
   1.9525263e+04
   1.9537269e+04
   1.9549275e+04
   1.9561281e+04
   1.9573287e+04
   1.9585293e+04
   1.9597299e+04
   1.9609305e+04
   1.9621311e+04
   1.9633317e+04
   1.9645323e+04
   1.9657329e+04
   1.9669335e+04
   1.9681341e+04
   1.9693347e+04
   1.9705353e+04
   1.9717359e+04
   1.9729365e+04
   1.9741371e+04
   1.9753377e+04
   1.9765383e+04
   1.9777389e+04
   1.9789395e+04
   1.9801401e+04
   1.9813407e+04
   1.9825413e+04
   1.9837419e+04
   1.9849425e+04
   1.9861431e+04
   1.9873437e+04
   1.9885443e+04
   1.9897449e+04
   1.9909455e+04
   1.9921461e+04
   1.9933467e+04
   1.9945473e+04
   1.9957479e+04
   1.9969485e+04
   1.9981491e+04
   1.9993497e+04
   2.0005503e+04
   2.0017509e+04
   2.0029515e+04
   2.0041521e+04
   2.0053527e+04
   2.0065533e+04
   2.0077539e+04
   2.0089545e+04
   2.0101551e+04
   2.0113557e+04
   2.0125563e+04
   2.0137569e+04
   2.0149575e+04
   2.0161581e+04
   2.0173587e+04
   2.0185593e+04
   2.0197599e+04
   2.0209605e+04
   2.0221611e+04
   2.0233617e+04
   2.0245623e+04
   2.0257629e+04
   2.0269635e+04
   2.0281641e+04
   2.0293647e+04
   2.0305653e+04
   2.0317659e+04
   2.0329665e+04
   2.0341671e+04
   2.0353677e+04
   2.0365683e+04
   2.0377689e+04
   2.0389695e+04
   2.0401701e+04
   2.0413707e+04
   2.0425713e+04
   2.0437719e+04
   2.0449725e+04
   2.0461731e+04
   2.0473737e+04
   2.0485743e+04
   2.0497749e+04
   2.0509755e+04
   2.0521761e+04
   2.0533767e+04
   2.0545773e+04
   2.0557779e+04
   2.0569785e+04
   2.0581791e+04
   2.0593797e+04
   2.0605803e+04
   2.0617809e+04
   2.0629815e+04
   2.0641821e+04
   2.0653827e+04
   2.0665833e+04
   2.0677839e+04
   2.0689845e+04
   2.0701851e+04
   2.0713857e+04
   2.0725863e+04
   2.0737869e+04
   2.0749875e+04
   2.0761881e+04
   2.0773887e+04
   2.0785893e+04
   2.0797899e+04
   2.0809905e+04
   2.0821911e+04
   2.0833917e+04
   2.0845923e+04
   2.0857929e+04
   2.0869935e+04
   2.0881941e+04
   2.0893947e+04
   2.0905953e+04
   2.0917959e+04
   2.0929965e+04
   2.0941971e+04
   2.0953977e+04
   2.0965983e+04
   2.0977989e+04
   2.0989995e+04
   2.1002001e+04
   2.1014007e+04
   2.1026013e+04
   2.1038019e+04
   2.1050025e+04
   2.1062031e+04
   2.1074037e+04
   2.1086043e+04
   2.1098049e+04
   2.1110055e+04
   2.1122061e+04
   2.1134067e+04
   2.1146073e+04
   2.1158079e+04
   2.1170085e+04
   2.1182091e+04
   2.1194097e+04
   2.1206103e+04
   2.1218109e+04
   2.1230115e+04
   2.1242121e+04
   2.1254127e+04
   2.1266133e+04
   2.1278139e+04
   2.1290145e+04
   2.1302151e+04
   2.1314157e+04
   2.1326163e+04
   2.1338169e+04
   2.1350175e+04
   2.1362181e+04
   2.1374187e+04
   2.1386193e+04
   2.1398199e+04
   2.1410205e+04
   2.1422211e+04
   2.1434217e+04
   2.1446223e+04
   2.1458229e+04
   2.1470235e+04
   2.1482241e+04
   2.1494247e+04
   2.1506253e+04
   2.1518259e+04
   2.1530265e+04
   2.1542271e+04
   2.1554277e+04
   2.1566283e+04
   2.1578289e+04
   2.1590295e+04
   2.1602301e+04
   2.1614307e+04
   2.1626313e+04
   2.1638319e+04
   2.1650325e+04
   2.1662331e+04
   2.1674337e+04
   2.1686343e+04
   2.1698349e+04
   2.1710355e+04
   2.1722361e+04
   2.1734367e+04
   2.1746373e+04
   2.1758379e+04
   2.1770385e+04
   2.1782391e+04
   2.1794397e+04
   2.1806403e+04
   2.1818409e+04
   2.1830415e+04
   2.1842421e+04
   2.1854427e+04
   2.1866433e+04
   2.1878439e+04
   2.1890445e+04
   2.1902451e+04
   2.1914457e+04
   2.1926463e+04
   2.1938469e+04
   2.1950475e+04
   2.1962481e+04
   2.1974487e+04
   2.1986493e+04
   2.1998499e+04
   2.2010505e+04
   2.2022511e+04
   2.2034517e+04
   2.2046523e+04
   2.2058529e+04
   2.2070535e+04
   2.2082541e+04
   2.2094547e+04
   2.2106553e+04
   2.2118559e+04
   2.2130565e+04
   2.2142571e+04
   2.2154577e+04
   2.2166583e+04
   2.2178589e+04
   2.2190595e+04
   2.2202601e+04
   2.2214607e+04
   2.2226613e+04
   2.2238619e+04
   2.2250625e+04
   2.2262631e+04
   2.2274637e+04
   2.2286643e+04
   2.2298649e+04
   2.2310655e+04
   2.2322661e+04
   2.2334667e+04
   2.2346673e+04
   2.2358679e+04
   2.2370685e+04
   2.2382691e+04
   2.2394697e+04
   2.2406703e+04
   2.2418709e+04
   2.2430715e+04
   2.2442721e+04
   2.2454727e+04
   2.2466733e+04
   2.2478739e+04
   2.2490745e+04
   2.2502751e+04
   2.2514757e+04
   2.2526763e+04
   2.2538769e+04
   2.2550775e+04
   2.2562781e+04
   2.2574787e+04
   2.2586793e+04
   2.2598799e+04
   2.2610805e+04
   2.2622811e+04
   2.2634817e+04
   2.2646823e+04
   2.2658829e+04
   2.2670835e+04
   2.2682841e+04
   2.2694847e+04
   2.2706853e+04
   2.2718859e+04
   2.2730865e+04
   2.2742871e+04
   2.2754877e+04
   2.2766883e+04
   2.2778889e+04
   2.2790895e+04
   2.2802901e+04
   2.2814907e+04
   2.2826913e+04
   2.2838919e+04
   2.2850925e+04
   2.2862931e+04
   2.2874937e+04
   2.2886943e+04
   2.2898949e+04
   2.2910955e+04
   2.2922961e+04
   2.2934967e+04
   2.2946973e+04
   2.2958979e+04
   2.2970985e+04
   2.2982991e+04
   2.2994997e+04
   2.3007004e+04
   2.3019010e+04
   2.3031016e+04
   2.3043022e+04
   2.3055028e+04
   2.3067034e+04
   2.3079040e+04
   2.3091046e+04
   2.3103052e+04
   2.3115058e+04
   2.3127064e+04
   2.3139070e+04
   2.3151076e+04
   2.3163082e+04
   2.3175088e+04
   2.3187094e+04
   2.3199100e+04
   2.3211106e+04
   2.3223112e+04
   2.3235118e+04
   2.3247124e+04
   2.3259130e+04
   2.3271136e+04
   2.3283142e+04
   2.3295148e+04
   2.3307154e+04
   2.3319160e+04
   2.3331166e+04
   2.3343172e+04
   2.3355178e+04
   2.3367184e+04
   2.3379190e+04
   2.3391196e+04
   2.3403202e+04
   2.3415208e+04
   2.3427214e+04
   2.3439220e+04
   2.3451226e+04
   2.3463232e+04
   2.3475238e+04
   2.3487244e+04
   2.3499250e+04
   2.3511256e+04
   2.3523262e+04
   2.3535268e+04
   2.3547274e+04
   2.3559280e+04
   2.3571286e+04
   2.3583292e+04
   2.3595298e+04
   2.3607304e+04
   2.3619310e+04
   2.3631316e+04
   2.3643322e+04
   2.3655328e+04
   2.3667334e+04
   2.3679340e+04
   2.3691346e+04
   2.3703352e+04
   2.3715358e+04
   2.3727364e+04
   2.3739370e+04
   2.3751376e+04
   2.3763382e+04
   2.3775388e+04
   2.3787394e+04
   2.3799400e+04
   2.3811406e+04
   2.3823412e+04
   2.3835418e+04
   2.3847424e+04
   2.3859430e+04
   2.3871436e+04
   2.3883442e+04
   2.3895448e+04
   2.3907454e+04
   2.3919460e+04
   2.3931466e+04
   2.3943472e+04
   2.3955478e+04
   2.3967484e+04
   2.3979490e+04
   2.3991496e+04
   2.4003502e+04
   2.4015508e+04
   2.4027514e+04
   2.4039520e+04
   2.4051526e+04
   2.4063532e+04
   2.4075538e+04
   2.4087544e+04
   2.4099550e+04
   2.4111556e+04
   2.4123562e+04
   2.4135568e+04
   2.4147574e+04
   2.4159580e+04
   2.4171586e+04
   2.4183592e+04
   2.4195598e+04
   2.4207604e+04
   2.4219610e+04
   2.4231616e+04
   2.4243622e+04
   2.4255628e+04
   2.4267634e+04
   2.4279640e+04
   2.4291646e+04
   2.4303652e+04
   2.4315658e+04
   2.4327664e+04
   2.4339670e+04
   2.4351676e+04
   2.4363682e+04
   2.4375688e+04
   2.4387694e+04
   2.4399700e+04
   2.4411706e+04
   2.4423712e+04
   2.4435718e+04
   2.4447724e+04
   2.4459730e+04
   2.4471736e+04
   2.4483742e+04
   2.4495748e+04
   2.4507754e+04
   2.4519760e+04
   2.4531766e+04
   2.4543772e+04
   2.4555778e+04
   2.4567784e+04
   2.4579790e+04
   2.4591796e+04
   2.4603802e+04
   2.4615808e+04
   2.4627814e+04
   2.4639820e+04
   2.4651826e+04
   2.4663832e+04
   2.4675838e+04
   2.4687844e+04
   2.4699850e+04
   2.4711856e+04
   2.4723862e+04
   2.4735868e+04
   2.4747874e+04
   2.4759880e+04
   2.4771886e+04
   2.4783892e+04
   2.4795898e+04
   2.4807904e+04
   2.4819910e+04
   2.4831916e+04
   2.4843922e+04
   2.4855928e+04
   2.4867934e+04
   2.4879940e+04
   2.4891946e+04
   2.4903952e+04
   2.4915958e+04
   2.4927964e+04
   2.4939970e+04
   2.4951976e+04
   2.4963982e+04
   2.4975988e+04
   2.4987994e+04
   2.5000000e+04
