   5.0000000e+03
   5.0225113e+03
   5.0450225e+03
   5.0675338e+03
   5.0900450e+03
   5.1125563e+03
   5.1350675e+03
   5.1575788e+03
   5.1800900e+03
   5.2026013e+03
   5.2251126e+03
   5.2476238e+03
   5.2701351e+03
   5.2926463e+03
   5.3151576e+03
   5.3376688e+03
   5.3601801e+03
   5.3826913e+03
   5.4052026e+03
   5.4277139e+03
   5.4502251e+03
   5.4727364e+03
   5.4952476e+03
   5.5177589e+03
   5.5402701e+03
   5.5627814e+03
   5.5852926e+03
   5.6078039e+03
   5.6303152e+03
   5.6528264e+03
   5.6753377e+03
   5.6978489e+03
   5.7203602e+03
   5.7428714e+03
   5.7653827e+03
   5.7878939e+03
   5.8104052e+03
   5.8329165e+03
   5.8554277e+03
   5.8779390e+03
   5.9004502e+03
   5.9229615e+03
   5.9454727e+03
   5.9679840e+03
   5.9904952e+03
   6.0130065e+03
   6.0355178e+03
   6.0580290e+03
   6.0805403e+03
   6.1030515e+03
   6.1255628e+03
   6.1480740e+03
   6.1705853e+03
   6.1930965e+03
   6.2156078e+03
   6.2381191e+03
   6.2606303e+03
   6.2831416e+03
   6.3056528e+03
   6.3281641e+03
   6.3506753e+03
   6.3731866e+03
   6.3956978e+03
   6.4182091e+03
   6.4407204e+03
   6.4632316e+03
   6.4857429e+03
   6.5082541e+03
   6.5307654e+03
   6.5532766e+03
   6.5757879e+03
   6.5982991e+03
   6.6208104e+03
   6.6433217e+03
   6.6658329e+03
   6.6883442e+03
   6.7108554e+03
   6.7333667e+03
   6.7558779e+03
   6.7783892e+03
   6.8009005e+03
   6.8234117e+03
   6.8459230e+03
   6.8684342e+03
   6.8909455e+03
   6.9134567e+03
   6.9359680e+03
   6.9584792e+03
   6.9809905e+03
   7.0035018e+03
   7.0260130e+03
   7.0485243e+03
   7.0710355e+03
   7.0935468e+03
   7.1160580e+03
   7.1385693e+03
   7.1610805e+03
   7.1835918e+03
   7.2061031e+03
   7.2286143e+03
   7.2511256e+03
   7.2736368e+03
   7.2961481e+03
   7.3186593e+03
   7.3411706e+03
   7.3636818e+03
   7.3861931e+03
   7.4087044e+03
   7.4312156e+03
   7.4537269e+03
   7.4762381e+03
   7.4987494e+03
   7.5212606e+03
   7.5437719e+03
   7.5662831e+03
   7.5887944e+03
   7.6113057e+03
   7.6338169e+03
   7.6563282e+03
   7.6788394e+03
   7.7013507e+03
   7.7238619e+03
   7.7463732e+03
   7.7688844e+03
   7.7913957e+03
   7.8139070e+03
   7.8364182e+03
   7.8589295e+03
   7.8814407e+03
   7.9039520e+03
   7.9264632e+03
   7.9489745e+03
   7.9714857e+03
   7.9939970e+03
   8.0165083e+03
   8.0390195e+03
   8.0615308e+03
   8.0840420e+03
   8.1065533e+03
   8.1290645e+03
   8.1515758e+03
   8.1740870e+03
   8.1965983e+03
   8.2191096e+03
   8.2416208e+03
   8.2641321e+03
   8.2866433e+03
   8.3091546e+03
   8.3316658e+03
   8.3541771e+03
   8.3766883e+03
   8.3991996e+03
   8.4217109e+03
   8.4442221e+03
   8.4667334e+03
   8.4892446e+03
   8.5117559e+03
   8.5342671e+03
   8.5567784e+03
   8.5792896e+03
   8.6018009e+03
   8.6243122e+03
   8.6468234e+03
   8.6693347e+03
   8.6918459e+03
   8.7143572e+03
   8.7368684e+03
   8.7593797e+03
   8.7818909e+03
   8.8044022e+03
   8.8269135e+03
   8.8494247e+03
   8.8719360e+03
   8.8944472e+03
   8.9169585e+03
   8.9394697e+03
   8.9619810e+03
   8.9844922e+03
   9.0070035e+03
   9.0295148e+03
   9.0520260e+03
   9.0745373e+03
   9.0970485e+03
   9.1195598e+03
   9.1420710e+03
   9.1645823e+03
   9.1870935e+03
   9.2096048e+03
   9.2321161e+03
   9.2546273e+03
   9.2771386e+03
   9.2996498e+03
   9.3221611e+03
   9.3446723e+03
   9.3671836e+03
   9.3896948e+03
   9.4122061e+03
   9.4347174e+03
   9.4572286e+03
   9.4797399e+03
   9.5022511e+03
   9.5247624e+03
   9.5472736e+03
   9.5697849e+03
   9.5922961e+03
   9.6148074e+03
   9.6373187e+03
   9.6598299e+03
   9.6823412e+03
   9.7048524e+03
   9.7273637e+03
   9.7498749e+03
   9.7723862e+03
   9.7948974e+03
   9.8174087e+03
   9.8399200e+03
   9.8624312e+03
   9.8849425e+03
   9.9074537e+03
   9.9299650e+03
   9.9524762e+03
   9.9749875e+03
   9.9974987e+03
   1.0020010e+04
   1.0042521e+04
   1.0065033e+04
   1.0087544e+04
   1.0110055e+04
   1.0132566e+04
   1.0155078e+04
   1.0177589e+04
   1.0200100e+04
   1.0222611e+04
   1.0245123e+04
   1.0267634e+04
   1.0290145e+04
   1.0312656e+04
   1.0335168e+04
   1.0357679e+04
   1.0380190e+04
   1.0402701e+04
   1.0425213e+04
   1.0447724e+04
   1.0470235e+04
   1.0492746e+04
   1.0515258e+04
   1.0537769e+04
   1.0560280e+04
   1.0582791e+04
   1.0605303e+04
   1.0627814e+04
   1.0650325e+04
   1.0672836e+04
   1.0695348e+04
   1.0717859e+04
   1.0740370e+04
   1.0762881e+04
   1.0785393e+04
   1.0807904e+04
   1.0830415e+04
   1.0852926e+04
   1.0875438e+04
   1.0897949e+04
   1.0920460e+04
   1.0942971e+04
   1.0965483e+04
   1.0987994e+04
   1.1010505e+04
   1.1033017e+04
   1.1055528e+04
   1.1078039e+04
   1.1100550e+04
   1.1123062e+04
   1.1145573e+04
   1.1168084e+04
   1.1190595e+04
   1.1213107e+04
   1.1235618e+04
   1.1258129e+04
   1.1280640e+04
   1.1303152e+04
   1.1325663e+04
   1.1348174e+04
   1.1370685e+04
   1.1393197e+04
   1.1415708e+04
   1.1438219e+04
   1.1460730e+04
   1.1483242e+04
   1.1505753e+04
   1.1528264e+04
   1.1550775e+04
   1.1573287e+04
   1.1595798e+04
   1.1618309e+04
   1.1640820e+04
   1.1663332e+04
   1.1685843e+04
   1.1708354e+04
   1.1730865e+04
   1.1753377e+04
   1.1775888e+04
   1.1798399e+04
   1.1820910e+04
   1.1843422e+04
   1.1865933e+04
   1.1888444e+04
   1.1910955e+04
   1.1933467e+04
   1.1955978e+04
   1.1978489e+04
   1.2001001e+04
   1.2023512e+04
   1.2046023e+04
   1.2068534e+04
   1.2091046e+04
   1.2113557e+04
   1.2136068e+04
   1.2158579e+04
   1.2181091e+04
   1.2203602e+04
   1.2226113e+04
   1.2248624e+04
   1.2271136e+04
   1.2293647e+04
   1.2316158e+04
   1.2338669e+04
   1.2361181e+04
   1.2383692e+04
   1.2406203e+04
   1.2428714e+04
   1.2451226e+04
   1.2473737e+04
   1.2496248e+04
   1.2518759e+04
   1.2541271e+04
   1.2563782e+04
   1.2586293e+04
   1.2608804e+04
   1.2631316e+04
   1.2653827e+04
   1.2676338e+04
   1.2698849e+04
   1.2721361e+04
   1.2743872e+04
   1.2766383e+04
   1.2788894e+04
   1.2811406e+04
   1.2833917e+04
   1.2856428e+04
   1.2878939e+04
   1.2901451e+04
   1.2923962e+04
   1.2946473e+04
   1.2968984e+04
   1.2991496e+04
   1.3014007e+04
   1.3036518e+04
   1.3059030e+04
   1.3081541e+04
   1.3104052e+04
   1.3126563e+04
   1.3149075e+04
   1.3171586e+04
   1.3194097e+04
   1.3216608e+04
   1.3239120e+04
   1.3261631e+04
   1.3284142e+04
   1.3306653e+04
   1.3329165e+04
   1.3351676e+04
   1.3374187e+04
   1.3396698e+04
   1.3419210e+04
   1.3441721e+04
   1.3464232e+04
   1.3486743e+04
   1.3509255e+04
   1.3531766e+04
   1.3554277e+04
   1.3576788e+04
   1.3599300e+04
   1.3621811e+04
   1.3644322e+04
   1.3666833e+04
   1.3689345e+04
   1.3711856e+04
   1.3734367e+04
   1.3756878e+04
   1.3779390e+04
   1.3801901e+04
   1.3824412e+04
   1.3846923e+04
   1.3869435e+04
   1.3891946e+04
   1.3914457e+04
   1.3936968e+04
   1.3959480e+04
   1.3981991e+04
   1.4004502e+04
   1.4027014e+04
   1.4049525e+04
   1.4072036e+04
   1.4094547e+04
   1.4117059e+04
   1.4139570e+04
   1.4162081e+04
   1.4184592e+04
   1.4207104e+04
   1.4229615e+04
   1.4252126e+04
   1.4274637e+04
   1.4297149e+04
   1.4319660e+04
   1.4342171e+04
   1.4364682e+04
   1.4387194e+04
   1.4409705e+04
   1.4432216e+04
   1.4454727e+04
   1.4477239e+04
   1.4499750e+04
   1.4522261e+04
   1.4544772e+04
   1.4567284e+04
   1.4589795e+04
   1.4612306e+04
   1.4634817e+04
   1.4657329e+04
   1.4679840e+04
   1.4702351e+04
   1.4724862e+04
   1.4747374e+04
   1.4769885e+04
   1.4792396e+04
   1.4814907e+04
   1.4837419e+04
   1.4859930e+04
   1.4882441e+04
   1.4904952e+04
   1.4927464e+04
   1.4949975e+04
   1.4972486e+04
   1.4994997e+04
   1.5017509e+04
   1.5040020e+04
   1.5062531e+04
   1.5085043e+04
   1.5107554e+04
   1.5130065e+04
   1.5152576e+04
   1.5175088e+04
   1.5197599e+04
   1.5220110e+04
   1.5242621e+04
   1.5265133e+04
   1.5287644e+04
   1.5310155e+04
   1.5332666e+04
   1.5355178e+04
   1.5377689e+04
   1.5400200e+04
   1.5422711e+04
   1.5445223e+04
   1.5467734e+04
   1.5490245e+04
   1.5512756e+04
   1.5535268e+04
   1.5557779e+04
   1.5580290e+04
   1.5602801e+04
   1.5625313e+04
   1.5647824e+04
   1.5670335e+04
   1.5692846e+04
   1.5715358e+04
   1.5737869e+04
   1.5760380e+04
   1.5782891e+04
   1.5805403e+04
   1.5827914e+04
   1.5850425e+04
   1.5872936e+04
   1.5895448e+04
   1.5917959e+04
   1.5940470e+04
   1.5962981e+04
   1.5985493e+04
   1.6008004e+04
   1.6030515e+04
   1.6053027e+04
   1.6075538e+04
   1.6098049e+04
   1.6120560e+04
   1.6143072e+04
   1.6165583e+04
   1.6188094e+04
   1.6210605e+04
   1.6233117e+04
   1.6255628e+04
   1.6278139e+04
   1.6300650e+04
   1.6323162e+04
   1.6345673e+04
   1.6368184e+04
   1.6390695e+04
   1.6413207e+04
   1.6435718e+04
   1.6458229e+04
   1.6480740e+04
   1.6503252e+04
   1.6525763e+04
   1.6548274e+04
   1.6570785e+04
   1.6593297e+04
   1.6615808e+04
   1.6638319e+04
   1.6660830e+04
   1.6683342e+04
   1.6705853e+04
   1.6728364e+04
   1.6750875e+04
   1.6773387e+04
   1.6795898e+04
   1.6818409e+04
   1.6840920e+04
   1.6863432e+04
   1.6885943e+04
   1.6908454e+04
   1.6930965e+04
   1.6953477e+04
   1.6975988e+04
   1.6998499e+04
   1.7021011e+04
   1.7043522e+04
   1.7066033e+04
   1.7088544e+04
   1.7111056e+04
   1.7133567e+04
   1.7156078e+04
   1.7178589e+04
   1.7201101e+04
   1.7223612e+04
   1.7246123e+04
   1.7268634e+04
   1.7291146e+04
   1.7313657e+04
   1.7336168e+04
   1.7358679e+04
   1.7381191e+04
   1.7403702e+04
   1.7426213e+04
   1.7448724e+04
   1.7471236e+04
   1.7493747e+04
   1.7516258e+04
   1.7538769e+04
   1.7561281e+04
   1.7583792e+04
   1.7606303e+04
   1.7628814e+04
   1.7651326e+04
   1.7673837e+04
   1.7696348e+04
   1.7718859e+04
   1.7741371e+04
   1.7763882e+04
   1.7786393e+04
   1.7808904e+04
   1.7831416e+04
   1.7853927e+04
   1.7876438e+04
   1.7898949e+04
   1.7921461e+04
   1.7943972e+04
   1.7966483e+04
   1.7988994e+04
   1.8011506e+04
   1.8034017e+04
   1.8056528e+04
   1.8079040e+04
   1.8101551e+04
   1.8124062e+04
   1.8146573e+04
   1.8169085e+04
   1.8191596e+04
   1.8214107e+04
   1.8236618e+04
   1.8259130e+04
   1.8281641e+04
   1.8304152e+04
   1.8326663e+04
   1.8349175e+04
   1.8371686e+04
   1.8394197e+04
   1.8416708e+04
   1.8439220e+04
   1.8461731e+04
   1.8484242e+04
   1.8506753e+04
   1.8529265e+04
   1.8551776e+04
   1.8574287e+04
   1.8596798e+04
   1.8619310e+04
   1.8641821e+04
   1.8664332e+04
   1.8686843e+04
   1.8709355e+04
   1.8731866e+04
   1.8754377e+04
   1.8776888e+04
   1.8799400e+04
   1.8821911e+04
   1.8844422e+04
   1.8866933e+04
   1.8889445e+04
   1.8911956e+04
   1.8934467e+04
   1.8956978e+04
   1.8979490e+04
   1.9002001e+04
   1.9024512e+04
   1.9047024e+04
   1.9069535e+04
   1.9092046e+04
   1.9114557e+04
   1.9137069e+04
   1.9159580e+04
   1.9182091e+04
   1.9204602e+04
   1.9227114e+04
   1.9249625e+04
   1.9272136e+04
   1.9294647e+04
   1.9317159e+04
   1.9339670e+04
   1.9362181e+04
   1.9384692e+04
   1.9407204e+04
   1.9429715e+04
   1.9452226e+04
   1.9474737e+04
   1.9497249e+04
   1.9519760e+04
   1.9542271e+04
   1.9564782e+04
   1.9587294e+04
   1.9609805e+04
   1.9632316e+04
   1.9654827e+04
   1.9677339e+04
   1.9699850e+04
   1.9722361e+04
   1.9744872e+04
   1.9767384e+04
   1.9789895e+04
   1.9812406e+04
   1.9834917e+04
   1.9857429e+04
   1.9879940e+04
   1.9902451e+04
   1.9924962e+04
   1.9947474e+04
   1.9969985e+04
   1.9992496e+04
   2.0015008e+04
   2.0037519e+04
   2.0060030e+04
   2.0082541e+04
   2.0105053e+04
   2.0127564e+04
   2.0150075e+04
   2.0172586e+04
   2.0195098e+04
   2.0217609e+04
   2.0240120e+04
   2.0262631e+04
   2.0285143e+04
   2.0307654e+04
   2.0330165e+04
   2.0352676e+04
   2.0375188e+04
   2.0397699e+04
   2.0420210e+04
   2.0442721e+04
   2.0465233e+04
   2.0487744e+04
   2.0510255e+04
   2.0532766e+04
   2.0555278e+04
   2.0577789e+04
   2.0600300e+04
   2.0622811e+04
   2.0645323e+04
   2.0667834e+04
   2.0690345e+04
   2.0712856e+04
   2.0735368e+04
   2.0757879e+04
   2.0780390e+04
   2.0802901e+04
   2.0825413e+04
   2.0847924e+04
   2.0870435e+04
   2.0892946e+04
   2.0915458e+04
   2.0937969e+04
   2.0960480e+04
   2.0982991e+04
   2.1005503e+04
   2.1028014e+04
   2.1050525e+04
   2.1073037e+04
   2.1095548e+04
   2.1118059e+04
   2.1140570e+04
   2.1163082e+04
   2.1185593e+04
   2.1208104e+04
   2.1230615e+04
   2.1253127e+04
   2.1275638e+04
   2.1298149e+04
   2.1320660e+04
   2.1343172e+04
   2.1365683e+04
   2.1388194e+04
   2.1410705e+04
   2.1433217e+04
   2.1455728e+04
   2.1478239e+04
   2.1500750e+04
   2.1523262e+04
   2.1545773e+04
   2.1568284e+04
   2.1590795e+04
   2.1613307e+04
   2.1635818e+04
   2.1658329e+04
   2.1680840e+04
   2.1703352e+04
   2.1725863e+04
   2.1748374e+04
   2.1770885e+04
   2.1793397e+04
   2.1815908e+04
   2.1838419e+04
   2.1860930e+04
   2.1883442e+04
   2.1905953e+04
   2.1928464e+04
   2.1950975e+04
   2.1973487e+04
   2.1995998e+04
   2.2018509e+04
   2.2041021e+04
   2.2063532e+04
   2.2086043e+04
   2.2108554e+04
   2.2131066e+04
   2.2153577e+04
   2.2176088e+04
   2.2198599e+04
   2.2221111e+04
   2.2243622e+04
   2.2266133e+04
   2.2288644e+04
   2.2311156e+04
   2.2333667e+04
   2.2356178e+04
   2.2378689e+04
   2.2401201e+04
   2.2423712e+04
   2.2446223e+04
   2.2468734e+04
   2.2491246e+04
   2.2513757e+04
   2.2536268e+04
   2.2558779e+04
   2.2581291e+04
   2.2603802e+04
   2.2626313e+04
   2.2648824e+04
   2.2671336e+04
   2.2693847e+04
   2.2716358e+04
   2.2738869e+04
   2.2761381e+04
   2.2783892e+04
   2.2806403e+04
   2.2828914e+04
   2.2851426e+04
   2.2873937e+04
   2.2896448e+04
   2.2918959e+04
   2.2941471e+04
   2.2963982e+04
   2.2986493e+04
   2.3009005e+04
   2.3031516e+04
   2.3054027e+04
   2.3076538e+04
   2.3099050e+04
   2.3121561e+04
   2.3144072e+04
   2.3166583e+04
   2.3189095e+04
   2.3211606e+04
   2.3234117e+04
   2.3256628e+04
   2.3279140e+04
   2.3301651e+04
   2.3324162e+04
   2.3346673e+04
   2.3369185e+04
   2.3391696e+04
   2.3414207e+04
   2.3436718e+04
   2.3459230e+04
   2.3481741e+04
   2.3504252e+04
   2.3526763e+04
   2.3549275e+04
   2.3571786e+04
   2.3594297e+04
   2.3616808e+04
   2.3639320e+04
   2.3661831e+04
   2.3684342e+04
   2.3706853e+04
   2.3729365e+04
   2.3751876e+04
   2.3774387e+04
   2.3796898e+04
   2.3819410e+04
   2.3841921e+04
   2.3864432e+04
   2.3886943e+04
   2.3909455e+04
   2.3931966e+04
   2.3954477e+04
   2.3976988e+04
   2.3999500e+04
   2.4022011e+04
   2.4044522e+04
   2.4067034e+04
   2.4089545e+04
   2.4112056e+04
   2.4134567e+04
   2.4157079e+04
   2.4179590e+04
   2.4202101e+04
   2.4224612e+04
   2.4247124e+04
   2.4269635e+04
   2.4292146e+04
   2.4314657e+04
   2.4337169e+04
   2.4359680e+04
   2.4382191e+04
   2.4404702e+04
   2.4427214e+04
   2.4449725e+04
   2.4472236e+04
   2.4494747e+04
   2.4517259e+04
   2.4539770e+04
   2.4562281e+04
   2.4584792e+04
   2.4607304e+04
   2.4629815e+04
   2.4652326e+04
   2.4674837e+04
   2.4697349e+04
   2.4719860e+04
   2.4742371e+04
   2.4764882e+04
   2.4787394e+04
   2.4809905e+04
   2.4832416e+04
   2.4854927e+04
   2.4877439e+04
   2.4899950e+04
   2.4922461e+04
   2.4944972e+04
   2.4967484e+04
   2.4989995e+04
   2.5012506e+04
   2.5035018e+04
   2.5057529e+04
   2.5080040e+04
   2.5102551e+04
   2.5125063e+04
   2.5147574e+04
   2.5170085e+04
   2.5192596e+04
   2.5215108e+04
   2.5237619e+04
   2.5260130e+04
   2.5282641e+04
   2.5305153e+04
   2.5327664e+04
   2.5350175e+04
   2.5372686e+04
   2.5395198e+04
   2.5417709e+04
   2.5440220e+04
   2.5462731e+04
   2.5485243e+04
   2.5507754e+04
   2.5530265e+04
   2.5552776e+04
   2.5575288e+04
   2.5597799e+04
   2.5620310e+04
   2.5642821e+04
   2.5665333e+04
   2.5687844e+04
   2.5710355e+04
   2.5732866e+04
   2.5755378e+04
   2.5777889e+04
   2.5800400e+04
   2.5822911e+04
   2.5845423e+04
   2.5867934e+04
   2.5890445e+04
   2.5912956e+04
   2.5935468e+04
   2.5957979e+04
   2.5980490e+04
   2.6003002e+04
   2.6025513e+04
   2.6048024e+04
   2.6070535e+04
   2.6093047e+04
   2.6115558e+04
   2.6138069e+04
   2.6160580e+04
   2.6183092e+04
   2.6205603e+04
   2.6228114e+04
   2.6250625e+04
   2.6273137e+04
   2.6295648e+04
   2.6318159e+04
   2.6340670e+04
   2.6363182e+04
   2.6385693e+04
   2.6408204e+04
   2.6430715e+04
   2.6453227e+04
   2.6475738e+04
   2.6498249e+04
   2.6520760e+04
   2.6543272e+04
   2.6565783e+04
   2.6588294e+04
   2.6610805e+04
   2.6633317e+04
   2.6655828e+04
   2.6678339e+04
   2.6700850e+04
   2.6723362e+04
   2.6745873e+04
   2.6768384e+04
   2.6790895e+04
   2.6813407e+04
   2.6835918e+04
   2.6858429e+04
   2.6880940e+04
   2.6903452e+04
   2.6925963e+04
   2.6948474e+04
   2.6970985e+04
   2.6993497e+04
   2.7016008e+04
   2.7038519e+04
   2.7061031e+04
   2.7083542e+04
   2.7106053e+04
   2.7128564e+04
   2.7151076e+04
   2.7173587e+04
   2.7196098e+04
   2.7218609e+04
   2.7241121e+04
   2.7263632e+04
   2.7286143e+04
   2.7308654e+04
   2.7331166e+04
   2.7353677e+04
   2.7376188e+04
   2.7398699e+04
   2.7421211e+04
   2.7443722e+04
   2.7466233e+04
   2.7488744e+04
   2.7511256e+04
   2.7533767e+04
   2.7556278e+04
   2.7578789e+04
   2.7601301e+04
   2.7623812e+04
   2.7646323e+04
   2.7668834e+04
   2.7691346e+04
   2.7713857e+04
   2.7736368e+04
   2.7758879e+04
   2.7781391e+04
   2.7803902e+04
   2.7826413e+04
   2.7848924e+04
   2.7871436e+04
   2.7893947e+04
   2.7916458e+04
   2.7938969e+04
   2.7961481e+04
   2.7983992e+04
   2.8006503e+04
   2.8029015e+04
   2.8051526e+04
   2.8074037e+04
   2.8096548e+04
   2.8119060e+04
   2.8141571e+04
   2.8164082e+04
   2.8186593e+04
   2.8209105e+04
   2.8231616e+04
   2.8254127e+04
   2.8276638e+04
   2.8299150e+04
   2.8321661e+04
   2.8344172e+04
   2.8366683e+04
   2.8389195e+04
   2.8411706e+04
   2.8434217e+04
   2.8456728e+04
   2.8479240e+04
   2.8501751e+04
   2.8524262e+04
   2.8546773e+04
   2.8569285e+04
   2.8591796e+04
   2.8614307e+04
   2.8636818e+04
   2.8659330e+04
   2.8681841e+04
   2.8704352e+04
   2.8726863e+04
   2.8749375e+04
   2.8771886e+04
   2.8794397e+04
   2.8816908e+04
   2.8839420e+04
   2.8861931e+04
   2.8884442e+04
   2.8906953e+04
   2.8929465e+04
   2.8951976e+04
   2.8974487e+04
   2.8996998e+04
   2.9019510e+04
   2.9042021e+04
   2.9064532e+04
   2.9087044e+04
   2.9109555e+04
   2.9132066e+04
   2.9154577e+04
   2.9177089e+04
   2.9199600e+04
   2.9222111e+04
   2.9244622e+04
   2.9267134e+04
   2.9289645e+04
   2.9312156e+04
   2.9334667e+04
   2.9357179e+04
   2.9379690e+04
   2.9402201e+04
   2.9424712e+04
   2.9447224e+04
   2.9469735e+04
   2.9492246e+04
   2.9514757e+04
   2.9537269e+04
   2.9559780e+04
   2.9582291e+04
   2.9604802e+04
   2.9627314e+04
   2.9649825e+04
   2.9672336e+04
   2.9694847e+04
   2.9717359e+04
   2.9739870e+04
   2.9762381e+04
   2.9784892e+04
   2.9807404e+04
   2.9829915e+04
   2.9852426e+04
   2.9874937e+04
   2.9897449e+04
   2.9919960e+04
   2.9942471e+04
   2.9964982e+04
   2.9987494e+04
   3.0010005e+04
   3.0032516e+04
   3.0055028e+04
   3.0077539e+04
   3.0100050e+04
   3.0122561e+04
   3.0145073e+04
   3.0167584e+04
   3.0190095e+04
   3.0212606e+04
   3.0235118e+04
   3.0257629e+04
   3.0280140e+04
   3.0302651e+04
   3.0325163e+04
   3.0347674e+04
   3.0370185e+04
   3.0392696e+04
   3.0415208e+04
   3.0437719e+04
   3.0460230e+04
   3.0482741e+04
   3.0505253e+04
   3.0527764e+04
   3.0550275e+04
   3.0572786e+04
   3.0595298e+04
   3.0617809e+04
   3.0640320e+04
   3.0662831e+04
   3.0685343e+04
   3.0707854e+04
   3.0730365e+04
   3.0752876e+04
   3.0775388e+04
   3.0797899e+04
   3.0820410e+04
   3.0842921e+04
   3.0865433e+04
   3.0887944e+04
   3.0910455e+04
   3.0932966e+04
   3.0955478e+04
   3.0977989e+04
   3.1000500e+04
   3.1023012e+04
   3.1045523e+04
   3.1068034e+04
   3.1090545e+04
   3.1113057e+04
   3.1135568e+04
   3.1158079e+04
   3.1180590e+04
   3.1203102e+04
   3.1225613e+04
   3.1248124e+04
   3.1270635e+04
   3.1293147e+04
   3.1315658e+04
   3.1338169e+04
   3.1360680e+04
   3.1383192e+04
   3.1405703e+04
   3.1428214e+04
   3.1450725e+04
   3.1473237e+04
   3.1495748e+04
   3.1518259e+04
   3.1540770e+04
   3.1563282e+04
   3.1585793e+04
   3.1608304e+04
   3.1630815e+04
   3.1653327e+04
   3.1675838e+04
   3.1698349e+04
   3.1720860e+04
   3.1743372e+04
   3.1765883e+04
   3.1788394e+04
   3.1810905e+04
   3.1833417e+04
   3.1855928e+04
   3.1878439e+04
   3.1900950e+04
   3.1923462e+04
   3.1945973e+04
   3.1968484e+04
   3.1990995e+04
   3.2013507e+04
   3.2036018e+04
   3.2058529e+04
   3.2081041e+04
   3.2103552e+04
   3.2126063e+04
   3.2148574e+04
   3.2171086e+04
   3.2193597e+04
   3.2216108e+04
   3.2238619e+04
   3.2261131e+04
   3.2283642e+04
   3.2306153e+04
   3.2328664e+04
   3.2351176e+04
   3.2373687e+04
   3.2396198e+04
   3.2418709e+04
   3.2441221e+04
   3.2463732e+04
   3.2486243e+04
   3.2508754e+04
   3.2531266e+04
   3.2553777e+04
   3.2576288e+04
   3.2598799e+04
   3.2621311e+04
   3.2643822e+04
   3.2666333e+04
   3.2688844e+04
   3.2711356e+04
   3.2733867e+04
   3.2756378e+04
   3.2778889e+04
   3.2801401e+04
   3.2823912e+04
   3.2846423e+04
   3.2868934e+04
   3.2891446e+04
   3.2913957e+04
   3.2936468e+04
   3.2958979e+04
   3.2981491e+04
   3.3004002e+04
   3.3026513e+04
   3.3049025e+04
   3.3071536e+04
   3.3094047e+04
   3.3116558e+04
   3.3139070e+04
   3.3161581e+04
   3.3184092e+04
   3.3206603e+04
   3.3229115e+04
   3.3251626e+04
   3.3274137e+04
   3.3296648e+04
   3.3319160e+04
   3.3341671e+04
   3.3364182e+04
   3.3386693e+04
   3.3409205e+04
   3.3431716e+04
   3.3454227e+04
   3.3476738e+04
   3.3499250e+04
   3.3521761e+04
   3.3544272e+04
   3.3566783e+04
   3.3589295e+04
   3.3611806e+04
   3.3634317e+04
   3.3656828e+04
   3.3679340e+04
   3.3701851e+04
   3.3724362e+04
   3.3746873e+04
   3.3769385e+04
   3.3791896e+04
   3.3814407e+04
   3.3836918e+04
   3.3859430e+04
   3.3881941e+04
   3.3904452e+04
   3.3926963e+04
   3.3949475e+04
   3.3971986e+04
   3.3994497e+04
   3.4017009e+04
   3.4039520e+04
   3.4062031e+04
   3.4084542e+04
   3.4107054e+04
   3.4129565e+04
   3.4152076e+04
   3.4174587e+04
   3.4197099e+04
   3.4219610e+04
   3.4242121e+04
   3.4264632e+04
   3.4287144e+04
   3.4309655e+04
   3.4332166e+04
   3.4354677e+04
   3.4377189e+04
   3.4399700e+04
   3.4422211e+04
   3.4444722e+04
   3.4467234e+04
   3.4489745e+04
   3.4512256e+04
   3.4534767e+04
   3.4557279e+04
   3.4579790e+04
   3.4602301e+04
   3.4624812e+04
   3.4647324e+04
   3.4669835e+04
   3.4692346e+04
   3.4714857e+04
   3.4737369e+04
   3.4759880e+04
   3.4782391e+04
   3.4804902e+04
   3.4827414e+04
   3.4849925e+04
   3.4872436e+04
   3.4894947e+04
   3.4917459e+04
   3.4939970e+04
   3.4962481e+04
   3.4984992e+04
   3.5007504e+04
   3.5030015e+04
   3.5052526e+04
   3.5075038e+04
   3.5097549e+04
   3.5120060e+04
   3.5142571e+04
   3.5165083e+04
   3.5187594e+04
   3.5210105e+04
   3.5232616e+04
   3.5255128e+04
   3.5277639e+04
   3.5300150e+04
   3.5322661e+04
   3.5345173e+04
   3.5367684e+04
   3.5390195e+04
   3.5412706e+04
   3.5435218e+04
   3.5457729e+04
   3.5480240e+04
   3.5502751e+04
   3.5525263e+04
   3.5547774e+04
   3.5570285e+04
   3.5592796e+04
   3.5615308e+04
   3.5637819e+04
   3.5660330e+04
   3.5682841e+04
   3.5705353e+04
   3.5727864e+04
   3.5750375e+04
   3.5772886e+04
   3.5795398e+04
   3.5817909e+04
   3.5840420e+04
   3.5862931e+04
   3.5885443e+04
   3.5907954e+04
   3.5930465e+04
   3.5952976e+04
   3.5975488e+04
   3.5997999e+04
   3.6020510e+04
   3.6043022e+04
   3.6065533e+04
   3.6088044e+04
   3.6110555e+04
   3.6133067e+04
   3.6155578e+04
   3.6178089e+04
   3.6200600e+04
   3.6223112e+04
   3.6245623e+04
   3.6268134e+04
   3.6290645e+04
   3.6313157e+04
   3.6335668e+04
   3.6358179e+04
   3.6380690e+04
   3.6403202e+04
   3.6425713e+04
   3.6448224e+04
   3.6470735e+04
   3.6493247e+04
   3.6515758e+04
   3.6538269e+04
   3.6560780e+04
   3.6583292e+04
   3.6605803e+04
   3.6628314e+04
   3.6650825e+04
   3.6673337e+04
   3.6695848e+04
   3.6718359e+04
   3.6740870e+04
   3.6763382e+04
   3.6785893e+04
   3.6808404e+04
   3.6830915e+04
   3.6853427e+04
   3.6875938e+04
   3.6898449e+04
   3.6920960e+04
   3.6943472e+04
   3.6965983e+04
   3.6988494e+04
   3.7011006e+04
   3.7033517e+04
   3.7056028e+04
   3.7078539e+04
   3.7101051e+04
   3.7123562e+04
   3.7146073e+04
   3.7168584e+04
   3.7191096e+04
   3.7213607e+04
   3.7236118e+04
   3.7258629e+04
   3.7281141e+04
   3.7303652e+04
   3.7326163e+04
   3.7348674e+04
   3.7371186e+04
   3.7393697e+04
   3.7416208e+04
   3.7438719e+04
   3.7461231e+04
   3.7483742e+04
   3.7506253e+04
   3.7528764e+04
   3.7551276e+04
   3.7573787e+04
   3.7596298e+04
   3.7618809e+04
   3.7641321e+04
   3.7663832e+04
   3.7686343e+04
   3.7708854e+04
   3.7731366e+04
   3.7753877e+04
   3.7776388e+04
   3.7798899e+04
   3.7821411e+04
   3.7843922e+04
   3.7866433e+04
   3.7888944e+04
   3.7911456e+04
   3.7933967e+04
   3.7956478e+04
   3.7978989e+04
   3.8001501e+04
   3.8024012e+04
   3.8046523e+04
   3.8069035e+04
   3.8091546e+04
   3.8114057e+04
   3.8136568e+04
   3.8159080e+04
   3.8181591e+04
   3.8204102e+04
   3.8226613e+04
   3.8249125e+04
   3.8271636e+04
   3.8294147e+04
   3.8316658e+04
   3.8339170e+04
   3.8361681e+04
   3.8384192e+04
   3.8406703e+04
   3.8429215e+04
   3.8451726e+04
   3.8474237e+04
   3.8496748e+04
   3.8519260e+04
   3.8541771e+04
   3.8564282e+04
   3.8586793e+04
   3.8609305e+04
   3.8631816e+04
   3.8654327e+04
   3.8676838e+04
   3.8699350e+04
   3.8721861e+04
   3.8744372e+04
   3.8766883e+04
   3.8789395e+04
   3.8811906e+04
   3.8834417e+04
   3.8856928e+04
   3.8879440e+04
   3.8901951e+04
   3.8924462e+04
   3.8946973e+04
   3.8969485e+04
   3.8991996e+04
   3.9014507e+04
   3.9037019e+04
   3.9059530e+04
   3.9082041e+04
   3.9104552e+04
   3.9127064e+04
   3.9149575e+04
   3.9172086e+04
   3.9194597e+04
   3.9217109e+04
   3.9239620e+04
   3.9262131e+04
   3.9284642e+04
   3.9307154e+04
   3.9329665e+04
   3.9352176e+04
   3.9374687e+04
   3.9397199e+04
   3.9419710e+04
   3.9442221e+04
   3.9464732e+04
   3.9487244e+04
   3.9509755e+04
   3.9532266e+04
   3.9554777e+04
   3.9577289e+04
   3.9599800e+04
   3.9622311e+04
   3.9644822e+04
   3.9667334e+04
   3.9689845e+04
   3.9712356e+04
   3.9734867e+04
   3.9757379e+04
   3.9779890e+04
   3.9802401e+04
   3.9824912e+04
   3.9847424e+04
   3.9869935e+04
   3.9892446e+04
   3.9914957e+04
   3.9937469e+04
   3.9959980e+04
   3.9982491e+04
   4.0005003e+04
   4.0027514e+04
   4.0050025e+04
   4.0072536e+04
   4.0095048e+04
   4.0117559e+04
   4.0140070e+04
   4.0162581e+04
   4.0185093e+04
   4.0207604e+04
   4.0230115e+04
   4.0252626e+04
   4.0275138e+04
   4.0297649e+04
   4.0320160e+04
   4.0342671e+04
   4.0365183e+04
   4.0387694e+04
   4.0410205e+04
   4.0432716e+04
   4.0455228e+04
   4.0477739e+04
   4.0500250e+04
   4.0522761e+04
   4.0545273e+04
   4.0567784e+04
   4.0590295e+04
   4.0612806e+04
   4.0635318e+04
   4.0657829e+04
   4.0680340e+04
   4.0702851e+04
   4.0725363e+04
   4.0747874e+04
   4.0770385e+04
   4.0792896e+04
   4.0815408e+04
   4.0837919e+04
   4.0860430e+04
   4.0882941e+04
   4.0905453e+04
   4.0927964e+04
   4.0950475e+04
   4.0972986e+04
   4.0995498e+04
   4.1018009e+04
   4.1040520e+04
   4.1063032e+04
   4.1085543e+04
   4.1108054e+04
   4.1130565e+04
   4.1153077e+04
   4.1175588e+04
   4.1198099e+04
   4.1220610e+04
   4.1243122e+04
   4.1265633e+04
   4.1288144e+04
   4.1310655e+04
   4.1333167e+04
   4.1355678e+04
   4.1378189e+04
   4.1400700e+04
   4.1423212e+04
   4.1445723e+04
   4.1468234e+04
   4.1490745e+04
   4.1513257e+04
   4.1535768e+04
   4.1558279e+04
   4.1580790e+04
   4.1603302e+04
   4.1625813e+04
   4.1648324e+04
   4.1670835e+04
   4.1693347e+04
   4.1715858e+04
   4.1738369e+04
   4.1760880e+04
   4.1783392e+04
   4.1805903e+04
   4.1828414e+04
   4.1850925e+04
   4.1873437e+04
   4.1895948e+04
   4.1918459e+04
   4.1940970e+04
   4.1963482e+04
   4.1985993e+04
   4.2008504e+04
   4.2031016e+04
   4.2053527e+04
   4.2076038e+04
   4.2098549e+04
   4.2121061e+04
   4.2143572e+04
   4.2166083e+04
   4.2188594e+04
   4.2211106e+04
   4.2233617e+04
   4.2256128e+04
   4.2278639e+04
   4.2301151e+04
   4.2323662e+04
   4.2346173e+04
   4.2368684e+04
   4.2391196e+04
   4.2413707e+04
   4.2436218e+04
   4.2458729e+04
   4.2481241e+04
   4.2503752e+04
   4.2526263e+04
   4.2548774e+04
   4.2571286e+04
   4.2593797e+04
   4.2616308e+04
   4.2638819e+04
   4.2661331e+04
   4.2683842e+04
   4.2706353e+04
   4.2728864e+04
   4.2751376e+04
   4.2773887e+04
   4.2796398e+04
   4.2818909e+04
   4.2841421e+04
   4.2863932e+04
   4.2886443e+04
   4.2908954e+04
   4.2931466e+04
   4.2953977e+04
   4.2976488e+04
   4.2998999e+04
   4.3021511e+04
   4.3044022e+04
   4.3066533e+04
   4.3089045e+04
   4.3111556e+04
   4.3134067e+04
   4.3156578e+04
   4.3179090e+04
   4.3201601e+04
   4.3224112e+04
   4.3246623e+04
   4.3269135e+04
   4.3291646e+04
   4.3314157e+04
   4.3336668e+04
   4.3359180e+04
   4.3381691e+04
   4.3404202e+04
   4.3426713e+04
   4.3449225e+04
   4.3471736e+04
   4.3494247e+04
   4.3516758e+04
   4.3539270e+04
   4.3561781e+04
   4.3584292e+04
   4.3606803e+04
   4.3629315e+04
   4.3651826e+04
   4.3674337e+04
   4.3696848e+04
   4.3719360e+04
   4.3741871e+04
   4.3764382e+04
   4.3786893e+04
   4.3809405e+04
   4.3831916e+04
   4.3854427e+04
   4.3876938e+04
   4.3899450e+04
   4.3921961e+04
   4.3944472e+04
   4.3966983e+04
   4.3989495e+04
   4.4012006e+04
   4.4034517e+04
   4.4057029e+04
   4.4079540e+04
   4.4102051e+04
   4.4124562e+04
   4.4147074e+04
   4.4169585e+04
   4.4192096e+04
   4.4214607e+04
   4.4237119e+04
   4.4259630e+04
   4.4282141e+04
   4.4304652e+04
   4.4327164e+04
   4.4349675e+04
   4.4372186e+04
   4.4394697e+04
   4.4417209e+04
   4.4439720e+04
   4.4462231e+04
   4.4484742e+04
   4.4507254e+04
   4.4529765e+04
   4.4552276e+04
   4.4574787e+04
   4.4597299e+04
   4.4619810e+04
   4.4642321e+04
   4.4664832e+04
   4.4687344e+04
   4.4709855e+04
   4.4732366e+04
   4.4754877e+04
   4.4777389e+04
   4.4799900e+04
   4.4822411e+04
   4.4844922e+04
   4.4867434e+04
   4.4889945e+04
   4.4912456e+04
   4.4934967e+04
   4.4957479e+04
   4.4979990e+04
   4.5002501e+04
   4.5025013e+04
   4.5047524e+04
   4.5070035e+04
   4.5092546e+04
   4.5115058e+04
   4.5137569e+04
   4.5160080e+04
   4.5182591e+04
   4.5205103e+04
   4.5227614e+04
   4.5250125e+04
   4.5272636e+04
   4.5295148e+04
   4.5317659e+04
   4.5340170e+04
   4.5362681e+04
   4.5385193e+04
   4.5407704e+04
   4.5430215e+04
   4.5452726e+04
   4.5475238e+04
   4.5497749e+04
   4.5520260e+04
   4.5542771e+04
   4.5565283e+04
   4.5587794e+04
   4.5610305e+04
   4.5632816e+04
   4.5655328e+04
   4.5677839e+04
   4.5700350e+04
   4.5722861e+04
   4.5745373e+04
   4.5767884e+04
   4.5790395e+04
   4.5812906e+04
   4.5835418e+04
   4.5857929e+04
   4.5880440e+04
   4.5902951e+04
   4.5925463e+04
   4.5947974e+04
   4.5970485e+04
   4.5992996e+04
   4.6015508e+04
   4.6038019e+04
   4.6060530e+04
   4.6083042e+04
   4.6105553e+04
   4.6128064e+04
   4.6150575e+04
   4.6173087e+04
   4.6195598e+04
   4.6218109e+04
   4.6240620e+04
   4.6263132e+04
   4.6285643e+04
   4.6308154e+04
   4.6330665e+04
   4.6353177e+04
   4.6375688e+04
   4.6398199e+04
   4.6420710e+04
   4.6443222e+04
   4.6465733e+04
   4.6488244e+04
   4.6510755e+04
   4.6533267e+04
   4.6555778e+04
   4.6578289e+04
   4.6600800e+04
   4.6623312e+04
   4.6645823e+04
   4.6668334e+04
   4.6690845e+04
   4.6713357e+04
   4.6735868e+04
   4.6758379e+04
   4.6780890e+04
   4.6803402e+04
   4.6825913e+04
   4.6848424e+04
   4.6870935e+04
   4.6893447e+04
   4.6915958e+04
   4.6938469e+04
   4.6960980e+04
   4.6983492e+04
   4.7006003e+04
   4.7028514e+04
   4.7051026e+04
   4.7073537e+04
   4.7096048e+04
   4.7118559e+04
   4.7141071e+04
   4.7163582e+04
   4.7186093e+04
   4.7208604e+04
   4.7231116e+04
   4.7253627e+04
   4.7276138e+04
   4.7298649e+04
   4.7321161e+04
   4.7343672e+04
   4.7366183e+04
   4.7388694e+04
   4.7411206e+04
   4.7433717e+04
   4.7456228e+04
   4.7478739e+04
   4.7501251e+04
   4.7523762e+04
   4.7546273e+04
   4.7568784e+04
   4.7591296e+04
   4.7613807e+04
   4.7636318e+04
   4.7658829e+04
   4.7681341e+04
   4.7703852e+04
   4.7726363e+04
   4.7748874e+04
   4.7771386e+04
   4.7793897e+04
   4.7816408e+04
   4.7838919e+04
   4.7861431e+04
   4.7883942e+04
   4.7906453e+04
   4.7928964e+04
   4.7951476e+04
   4.7973987e+04
   4.7996498e+04
   4.8019010e+04
   4.8041521e+04
   4.8064032e+04
   4.8086543e+04
   4.8109055e+04
   4.8131566e+04
   4.8154077e+04
   4.8176588e+04
   4.8199100e+04
   4.8221611e+04
   4.8244122e+04
   4.8266633e+04
   4.8289145e+04
   4.8311656e+04
   4.8334167e+04
   4.8356678e+04
   4.8379190e+04
   4.8401701e+04
   4.8424212e+04
   4.8446723e+04
   4.8469235e+04
   4.8491746e+04
   4.8514257e+04
   4.8536768e+04
   4.8559280e+04
   4.8581791e+04
   4.8604302e+04
   4.8626813e+04
   4.8649325e+04
   4.8671836e+04
   4.8694347e+04
   4.8716858e+04
   4.8739370e+04
   4.8761881e+04
   4.8784392e+04
   4.8806903e+04
   4.8829415e+04
   4.8851926e+04
   4.8874437e+04
   4.8896948e+04
   4.8919460e+04
   4.8941971e+04
   4.8964482e+04
   4.8986993e+04
   4.9009505e+04
   4.9032016e+04
   4.9054527e+04
   4.9077039e+04
   4.9099550e+04
   4.9122061e+04
   4.9144572e+04
   4.9167084e+04
   4.9189595e+04
   4.9212106e+04
   4.9234617e+04
   4.9257129e+04
   4.9279640e+04
   4.9302151e+04
   4.9324662e+04
   4.9347174e+04
   4.9369685e+04
   4.9392196e+04
   4.9414707e+04
   4.9437219e+04
   4.9459730e+04
   4.9482241e+04
   4.9504752e+04
   4.9527264e+04
   4.9549775e+04
   4.9572286e+04
   4.9594797e+04
   4.9617309e+04
   4.9639820e+04
   4.9662331e+04
   4.9684842e+04
   4.9707354e+04
   4.9729865e+04
   4.9752376e+04
   4.9774887e+04
   4.9797399e+04
   4.9819910e+04
   4.9842421e+04
   4.9864932e+04
   4.9887444e+04
   4.9909955e+04
   4.9932466e+04
   4.9954977e+04
   4.9977489e+04
   5.0000000e+04
