   2.0557615e+11
   1.9852721e+11
   2.0718303e+11
   2.0277142e+11
   1.9819134e+11
   2.0956131e+11
   2.0767274e+11
   2.0287298e+11
   2.0491102e+11
   2.0394005e+11
   1.9293616e+11
   1.9699256e+11
   2.0121081e+11
   1.9454040e+11
   2.0727987e+11
   1.9261848e+11
   1.9382704e+11
   1.9166987e+11
   1.9436661e+11
   2.0034673e+11
   1.9753064e+11
   2.0864362e+11
   1.9966745e+11
   1.9207865e+11
   2.0837581e+11
   2.0984030e+11
   2.0058925e+11
   1.9103328e+11
   1.9533726e+11
   1.9894881e+11
   2.0428321e+11
   1.9582734e+11
   2.0479381e+11
   2.0560637e+11
   1.9353313e+11
   1.9155751e+11
   1.9665104e+11
   1.9792075e+11
   1.9940412e+11
   2.0226420e+11
   1.9041935e+11
   1.9603187e+11
   2.0677893e+11
   1.9010486e+11
   2.0909235e+11
   2.0623087e+11
   2.0178085e+11
   2.0322291e+11
   1.9503290e+11
   2.0080678e+11
   1.1815884e+00
   9.9439121e-01
   9.8666929e-01
   8.7568699e-01
   9.4641516e-01
   1.0266678e+00
   1.0465749e+00
   9.2697588e-01
   9.1200736e-01
   1.1986310e+00
   8.2373919e-01
   1.1315104e+00
   1.1689451e+00
   1.1066466e+00
   8.3047653e-01
   8.9304867e-01
   9.0831419e-01
   1.0481469e+00
   8.4674876e-01
   1.0811558e+00
   8.3484188e-01
   1.0369898e+00
   9.6647261e-01
   1.1005740e+00
   1.0761438e+00
   1.1590351e+00
   1.1472839e+00
   9.0219050e-01
   1.0609230e+00
   8.6733611e-01
   8.1398555e-01
   1.0936765e+00
   9.7106327e-01
   9.4187775e-01
   1.1614050e+00
   1.0081387e+00
   1.0181580e+00
   1.1252490e+00
   1.1153274e+00
   1.0071378e+00
   8.5674953e-01
   8.8096277e-01
   1.1374579e+00
   8.0591418e-01
   9.5524515e-01
   8.5581990e-01
   1.1885979e+00
   1.0694982e+00
   9.8270812e-01
   9.3456987e-01
