  1.0000000e+002
  1.0495248e+002
  1.0990495e+002
  1.1485743e+002
  1.1980990e+002
  1.2476238e+002
  1.2971486e+002
  1.3466733e+002
  1.3961981e+002
  1.4457229e+002
  1.4952476e+002
  1.5447724e+002
  1.5942971e+002
  1.6438219e+002
  1.6933467e+002
  1.7428714e+002
  1.7923962e+002
  1.8419210e+002
  1.8914457e+002
  1.9409705e+002
  1.9904952e+002
  2.0400200e+002
  2.0895448e+002
  2.1390695e+002
  2.1885943e+002
  2.2381191e+002
  2.2876438e+002
  2.3371686e+002
  2.3866933e+002
  2.4362181e+002
  2.4857429e+002
  2.5352676e+002
  2.5847924e+002
  2.6343172e+002
  2.6838419e+002
  2.7333667e+002
  2.7828914e+002
  2.8324162e+002
  2.8819410e+002
  2.9314657e+002
  2.9809905e+002
  3.0305153e+002
  3.0800400e+002
  3.1295648e+002
  3.1790895e+002
  3.2286143e+002
  3.2781391e+002
  3.3276638e+002
  3.3771886e+002
  3.4267134e+002
  3.4762381e+002
  3.5257629e+002
  3.5752876e+002
  3.6248124e+002
  3.6743372e+002
  3.7238619e+002
  3.7733867e+002
  3.8229115e+002
  3.8724362e+002
  3.9219610e+002
  3.9714857e+002
  4.0210105e+002
  4.0705353e+002
  4.1200600e+002
  4.1695848e+002
  4.2191096e+002
  4.2686343e+002
  4.3181591e+002
  4.3676838e+002
  4.4172086e+002
  4.4667334e+002
  4.5162581e+002
  4.5657829e+002
  4.6153077e+002
  4.6648324e+002
  4.7143572e+002
  4.7638819e+002
  4.8134067e+002
  4.8629315e+002
  4.9124562e+002
  4.9619810e+002
  5.0115058e+002
  5.0610305e+002
  5.1105553e+002
  5.1600800e+002
  5.2096048e+002
  5.2591296e+002
  5.3086543e+002
  5.3581791e+002
  5.4077039e+002
  5.4572286e+002
  5.5067534e+002
  5.5562781e+002
  5.6058029e+002
  5.6553277e+002
  5.7048524e+002
  5.7543772e+002
  5.8039020e+002
  5.8534267e+002
  5.9029515e+002
  5.9524762e+002
  6.0020010e+002
  6.0515258e+002
  6.1010505e+002
  6.1505753e+002
  6.2001001e+002
  6.2496248e+002
  6.2991496e+002
  6.3486743e+002
  6.3981991e+002
  6.4477239e+002
  6.4972486e+002
  6.5467734e+002
  6.5962981e+002
  6.6458229e+002
  6.6953477e+002
  6.7448724e+002
  6.7943972e+002
  6.8439220e+002
  6.8934467e+002
  6.9429715e+002
  6.9924962e+002
  7.0420210e+002
  7.0915458e+002
  7.1410705e+002
  7.1905953e+002
  7.2401201e+002
  7.2896448e+002
  7.3391696e+002
  7.3886943e+002
  7.4382191e+002
  7.4877439e+002
  7.5372686e+002
  7.5867934e+002
  7.6363182e+002
  7.6858429e+002
  7.7353677e+002
  7.7848924e+002
  7.8344172e+002
  7.8839420e+002
  7.9334667e+002
  7.9829915e+002
  8.0325163e+002
  8.0820410e+002
  8.1315658e+002
  8.1810905e+002
  8.2306153e+002
  8.2801401e+002
  8.3296648e+002
  8.3791896e+002
  8.4287144e+002
  8.4782391e+002
  8.5277639e+002
  8.5772886e+002
  8.6268134e+002
  8.6763382e+002
  8.7258629e+002
  8.7753877e+002
  8.8249125e+002
  8.8744372e+002
  8.9239620e+002
  8.9734867e+002
  9.0230115e+002
  9.0725363e+002
  9.1220610e+002
  9.1715858e+002
  9.2211106e+002
  9.2706353e+002
  9.3201601e+002
  9.3696848e+002
  9.4192096e+002
  9.4687344e+002
  9.5182591e+002
  9.5677839e+002
  9.6173087e+002
  9.6668334e+002
  9.7163582e+002
  9.7658829e+002
  9.8154077e+002
  9.8649325e+002
  9.9144572e+002
  9.9639820e+002
  1.0013507e+003
  1.0063032e+003
  1.0112556e+003
  1.0162081e+003
  1.0211606e+003
  1.0261131e+003
  1.0310655e+003
  1.0360180e+003
  1.0409705e+003
  1.0459230e+003
  1.0508754e+003
  1.0558279e+003
  1.0607804e+003
  1.0657329e+003
  1.0706853e+003
  1.0756378e+003
  1.0805903e+003
  1.0855428e+003
  1.0904952e+003
  1.0954477e+003
  1.1004002e+003
  1.1053527e+003
  1.1103052e+003
  1.1152576e+003
  1.1202101e+003
  1.1251626e+003
  1.1301151e+003
  1.1350675e+003
  1.1400200e+003
  1.1449725e+003
  1.1499250e+003
  1.1548774e+003
  1.1598299e+003
  1.1647824e+003
  1.1697349e+003
  1.1746873e+003
  1.1796398e+003
  1.1845923e+003
  1.1895448e+003
  1.1944972e+003
  1.1994497e+003
  1.2044022e+003
  1.2093547e+003
  1.2143072e+003
  1.2192596e+003
  1.2242121e+003
  1.2291646e+003
  1.2341171e+003
  1.2390695e+003
  1.2440220e+003
  1.2489745e+003
  1.2539270e+003
  1.2588794e+003
  1.2638319e+003
  1.2687844e+003
  1.2737369e+003
  1.2786893e+003
  1.2836418e+003
  1.2885943e+003
  1.2935468e+003
  1.2984992e+003
  1.3034517e+003
  1.3084042e+003
  1.3133567e+003
  1.3183092e+003
  1.3232616e+003
  1.3282141e+003
  1.3331666e+003
  1.3381191e+003
  1.3430715e+003
  1.3480240e+003
  1.3529765e+003
  1.3579290e+003
  1.3628814e+003
  1.3678339e+003
  1.3727864e+003
  1.3777389e+003
  1.3826913e+003
  1.3876438e+003
  1.3925963e+003
  1.3975488e+003
  1.4025013e+003
  1.4074537e+003
  1.4124062e+003
  1.4173587e+003
  1.4223112e+003
  1.4272636e+003
  1.4322161e+003
  1.4371686e+003
  1.4421211e+003
  1.4470735e+003
  1.4520260e+003
  1.4569785e+003
  1.4619310e+003
  1.4668834e+003
  1.4718359e+003
  1.4767884e+003
  1.4817409e+003
  1.4866933e+003
  1.4916458e+003
  1.4965983e+003
  1.5015508e+003
  1.5065033e+003
  1.5114557e+003
  1.5164082e+003
  1.5213607e+003
  1.5263132e+003
  1.5312656e+003
  1.5362181e+003
  1.5411706e+003
  1.5461231e+003
  1.5510755e+003
  1.5560280e+003
  1.5609805e+003
  1.5659330e+003
  1.5708854e+003
  1.5758379e+003
  1.5807904e+003
  1.5857429e+003
  1.5906953e+003
  1.5956478e+003
  1.6006003e+003
  1.6055528e+003
  1.6105053e+003
  1.6154577e+003
  1.6204102e+003
  1.6253627e+003
  1.6303152e+003
  1.6352676e+003
  1.6402201e+003
  1.6451726e+003
  1.6501251e+003
  1.6550775e+003
  1.6600300e+003
  1.6649825e+003
  1.6699350e+003
  1.6748874e+003
  1.6798399e+003
  1.6847924e+003
  1.6897449e+003
  1.6946973e+003
  1.6996498e+003
  1.7046023e+003
  1.7095548e+003
  1.7145073e+003
  1.7194597e+003
  1.7244122e+003
  1.7293647e+003
  1.7343172e+003
  1.7392696e+003
  1.7442221e+003
  1.7491746e+003
  1.7541271e+003
  1.7590795e+003
  1.7640320e+003
  1.7689845e+003
  1.7739370e+003
  1.7788894e+003
  1.7838419e+003
  1.7887944e+003
  1.7937469e+003
  1.7986993e+003
  1.8036518e+003
  1.8086043e+003
  1.8135568e+003
  1.8185093e+003
  1.8234617e+003
  1.8284142e+003
  1.8333667e+003
  1.8383192e+003
  1.8432716e+003
  1.8482241e+003
  1.8531766e+003
  1.8581291e+003
  1.8630815e+003
  1.8680340e+003
  1.8729865e+003
  1.8779390e+003
  1.8828914e+003
  1.8878439e+003
  1.8927964e+003
  1.8977489e+003
  1.9027014e+003
  1.9076538e+003
  1.9126063e+003
  1.9175588e+003
  1.9225113e+003
  1.9274637e+003
  1.9324162e+003
  1.9373687e+003
  1.9423212e+003
  1.9472736e+003
  1.9522261e+003
  1.9571786e+003
  1.9621311e+003
  1.9670835e+003
  1.9720360e+003
  1.9769885e+003
  1.9819410e+003
  1.9868934e+003
  1.9918459e+003
  1.9967984e+003
  2.0017509e+003
  2.0067034e+003
  2.0116558e+003
  2.0166083e+003
  2.0215608e+003
  2.0265133e+003
  2.0314657e+003
  2.0364182e+003
  2.0413707e+003
  2.0463232e+003
  2.0512756e+003
  2.0562281e+003
  2.0611806e+003
  2.0661331e+003
  2.0710855e+003
  2.0760380e+003
  2.0809905e+003
  2.0859430e+003
  2.0908954e+003
  2.0958479e+003
  2.1008004e+003
  2.1057529e+003
  2.1107054e+003
  2.1156578e+003
  2.1206103e+003
  2.1255628e+003
  2.1305153e+003
  2.1354677e+003
  2.1404202e+003
  2.1453727e+003
  2.1503252e+003
  2.1552776e+003
  2.1602301e+003
  2.1651826e+003
  2.1701351e+003
  2.1750875e+003
  2.1800400e+003
  2.1849925e+003
  2.1899450e+003
  2.1948974e+003
  2.1998499e+003
  2.2048024e+003
  2.2097549e+003
  2.2147074e+003
  2.2196598e+003
  2.2246123e+003
  2.2295648e+003
  2.2345173e+003
  2.2394697e+003
  2.2444222e+003
  2.2493747e+003
  2.2543272e+003
  2.2592796e+003
  2.2642321e+003
  2.2691846e+003
  2.2741371e+003
  2.2790895e+003
  2.2840420e+003
  2.2889945e+003
  2.2939470e+003
  2.2988994e+003
  2.3038519e+003
  2.3088044e+003
  2.3137569e+003
  2.3187094e+003
  2.3236618e+003
  2.3286143e+003
  2.3335668e+003
  2.3385193e+003
  2.3434717e+003
  2.3484242e+003
  2.3533767e+003
  2.3583292e+003
  2.3632816e+003
  2.3682341e+003
  2.3731866e+003
  2.3781391e+003
  2.3830915e+003
  2.3880440e+003
  2.3929965e+003
  2.3979490e+003
  2.4029015e+003
  2.4078539e+003
  2.4128064e+003
  2.4177589e+003
  2.4227114e+003
  2.4276638e+003
  2.4326163e+003
  2.4375688e+003
  2.4425213e+003
  2.4474737e+003
  2.4524262e+003
  2.4573787e+003
  2.4623312e+003
  2.4672836e+003
  2.4722361e+003
  2.4771886e+003
  2.4821411e+003
  2.4870935e+003
  2.4920460e+003
  2.4969985e+003
  2.5019510e+003
  2.5069035e+003
  2.5118559e+003
  2.5168084e+003
  2.5217609e+003
  2.5267134e+003
  2.5316658e+003
  2.5366183e+003
  2.5415708e+003
  2.5465233e+003
  2.5514757e+003
  2.5564282e+003
  2.5613807e+003
  2.5663332e+003
  2.5712856e+003
  2.5762381e+003
  2.5811906e+003
  2.5861431e+003
  2.5910955e+003
  2.5960480e+003
  2.6010005e+003
  2.6059530e+003
  2.6109055e+003
  2.6158579e+003
  2.6208104e+003
  2.6257629e+003
  2.6307154e+003
  2.6356678e+003
  2.6406203e+003
  2.6455728e+003
  2.6505253e+003
  2.6554777e+003
  2.6604302e+003
  2.6653827e+003
  2.6703352e+003
  2.6752876e+003
  2.6802401e+003
  2.6851926e+003
  2.6901451e+003
  2.6950975e+003
  2.7000500e+003
  2.7050025e+003
  2.7099550e+003
  2.7149075e+003
  2.7198599e+003
  2.7248124e+003
  2.7297649e+003
  2.7347174e+003
  2.7396698e+003
  2.7446223e+003
  2.7495748e+003
  2.7545273e+003
  2.7594797e+003
  2.7644322e+003
  2.7693847e+003
  2.7743372e+003
  2.7792896e+003
  2.7842421e+003
  2.7891946e+003
  2.7941471e+003
  2.7990995e+003
  2.8040520e+003
  2.8090045e+003
  2.8139570e+003
  2.8189095e+003
  2.8238619e+003
  2.8288144e+003
  2.8337669e+003
  2.8387194e+003
  2.8436718e+003
  2.8486243e+003
  2.8535768e+003
  2.8585293e+003
  2.8634817e+003
  2.8684342e+003
  2.8733867e+003
  2.8783392e+003
  2.8832916e+003
  2.8882441e+003
  2.8931966e+003
  2.8981491e+003
  2.9031016e+003
  2.9080540e+003
  2.9130065e+003
  2.9179590e+003
  2.9229115e+003
  2.9278639e+003
  2.9328164e+003
  2.9377689e+003
  2.9427214e+003
  2.9476738e+003
  2.9526263e+003
  2.9575788e+003
  2.9625313e+003
  2.9674837e+003
  2.9724362e+003
  2.9773887e+003
  2.9823412e+003
  2.9872936e+003
  2.9922461e+003
  2.9971986e+003
  3.0021511e+003
  3.0071036e+003
  3.0120560e+003
  3.0170085e+003
  3.0219610e+003
  3.0269135e+003
  3.0318659e+003
  3.0368184e+003
  3.0417709e+003
  3.0467234e+003
  3.0516758e+003
  3.0566283e+003
  3.0615808e+003
  3.0665333e+003
  3.0714857e+003
  3.0764382e+003
  3.0813907e+003
  3.0863432e+003
  3.0912956e+003
  3.0962481e+003
  3.1012006e+003
  3.1061531e+003
  3.1111056e+003
  3.1160580e+003
  3.1210105e+003
  3.1259630e+003
  3.1309155e+003
  3.1358679e+003
  3.1408204e+003
  3.1457729e+003
  3.1507254e+003
  3.1556778e+003
  3.1606303e+003
  3.1655828e+003
  3.1705353e+003
  3.1754877e+003
  3.1804402e+003
  3.1853927e+003
  3.1903452e+003
  3.1952976e+003
  3.2002501e+003
  3.2052026e+003
  3.2101551e+003
  3.2151076e+003
  3.2200600e+003
  3.2250125e+003
  3.2299650e+003
  3.2349175e+003
  3.2398699e+003
  3.2448224e+003
  3.2497749e+003
  3.2547274e+003
  3.2596798e+003
  3.2646323e+003
  3.2695848e+003
  3.2745373e+003
  3.2794897e+003
  3.2844422e+003
  3.2893947e+003
  3.2943472e+003
  3.2992996e+003
  3.3042521e+003
  3.3092046e+003
  3.3141571e+003
  3.3191096e+003
  3.3240620e+003
  3.3290145e+003
  3.3339670e+003
  3.3389195e+003
  3.3438719e+003
  3.3488244e+003
  3.3537769e+003
  3.3587294e+003
  3.3636818e+003
  3.3686343e+003
  3.3735868e+003
  3.3785393e+003
  3.3834917e+003
  3.3884442e+003
  3.3933967e+003
  3.3983492e+003
  3.4033017e+003
  3.4082541e+003
  3.4132066e+003
  3.4181591e+003
  3.4231116e+003
  3.4280640e+003
  3.4330165e+003
  3.4379690e+003
  3.4429215e+003
  3.4478739e+003
  3.4528264e+003
  3.4577789e+003
  3.4627314e+003
  3.4676838e+003
  3.4726363e+003
  3.4775888e+003
  3.4825413e+003
  3.4874937e+003
  3.4924462e+003
  3.4973987e+003
  3.5023512e+003
  3.5073037e+003
  3.5122561e+003
  3.5172086e+003
  3.5221611e+003
  3.5271136e+003
  3.5320660e+003
  3.5370185e+003
  3.5419710e+003
  3.5469235e+003
  3.5518759e+003
  3.5568284e+003
  3.5617809e+003
  3.5667334e+003
  3.5716858e+003
  3.5766383e+003
  3.5815908e+003
  3.5865433e+003
  3.5914957e+003
  3.5964482e+003
  3.6014007e+003
  3.6063532e+003
  3.6113057e+003
  3.6162581e+003
  3.6212106e+003
  3.6261631e+003
  3.6311156e+003
  3.6360680e+003
  3.6410205e+003
  3.6459730e+003
  3.6509255e+003
  3.6558779e+003
  3.6608304e+003
  3.6657829e+003
  3.6707354e+003
  3.6756878e+003
  3.6806403e+003
  3.6855928e+003
  3.6905453e+003
  3.6954977e+003
  3.7004502e+003
  3.7054027e+003
  3.7103552e+003
  3.7153077e+003
  3.7202601e+003
  3.7252126e+003
  3.7301651e+003
  3.7351176e+003
  3.7400700e+003
  3.7450225e+003
  3.7499750e+003
  3.7549275e+003
  3.7598799e+003
  3.7648324e+003
  3.7697849e+003
  3.7747374e+003
  3.7796898e+003
  3.7846423e+003
  3.7895948e+003
  3.7945473e+003
  3.7994997e+003
  3.8044522e+003
  3.8094047e+003
  3.8143572e+003
  3.8193097e+003
  3.8242621e+003
  3.8292146e+003
  3.8341671e+003
  3.8391196e+003
  3.8440720e+003
  3.8490245e+003
  3.8539770e+003
  3.8589295e+003
  3.8638819e+003
  3.8688344e+003
  3.8737869e+003
  3.8787394e+003
  3.8836918e+003
  3.8886443e+003
  3.8935968e+003
  3.8985493e+003
  3.9035018e+003
  3.9084542e+003
  3.9134067e+003
  3.9183592e+003
  3.9233117e+003
  3.9282641e+003
  3.9332166e+003
  3.9381691e+003
  3.9431216e+003
  3.9480740e+003
  3.9530265e+003
  3.9579790e+003
  3.9629315e+003
  3.9678839e+003
  3.9728364e+003
  3.9777889e+003
  3.9827414e+003
  3.9876938e+003
  3.9926463e+003
  3.9975988e+003
  4.0025513e+003
  4.0075038e+003
  4.0124562e+003
  4.0174087e+003
  4.0223612e+003
  4.0273137e+003
  4.0322661e+003
  4.0372186e+003
  4.0421711e+003
  4.0471236e+003
  4.0520760e+003
  4.0570285e+003
  4.0619810e+003
  4.0669335e+003
  4.0718859e+003
  4.0768384e+003
  4.0817909e+003
  4.0867434e+003
  4.0916958e+003
  4.0966483e+003
  4.1016008e+003
  4.1065533e+003
  4.1115058e+003
  4.1164582e+003
  4.1214107e+003
  4.1263632e+003
  4.1313157e+003
  4.1362681e+003
  4.1412206e+003
  4.1461731e+003
  4.1511256e+003
  4.1560780e+003
  4.1610305e+003
  4.1659830e+003
  4.1709355e+003
  4.1758879e+003
  4.1808404e+003
  4.1857929e+003
  4.1907454e+003
  4.1956978e+003
  4.2006503e+003
  4.2056028e+003
  4.2105553e+003
  4.2155078e+003
  4.2204602e+003
  4.2254127e+003
  4.2303652e+003
  4.2353177e+003
  4.2402701e+003
  4.2452226e+003
  4.2501751e+003
  4.2551276e+003
  4.2600800e+003
  4.2650325e+003
  4.2699850e+003
  4.2749375e+003
  4.2798899e+003
  4.2848424e+003
  4.2897949e+003
  4.2947474e+003
  4.2996998e+003
  4.3046523e+003
  4.3096048e+003
  4.3145573e+003
  4.3195098e+003
  4.3244622e+003
  4.3294147e+003
  4.3343672e+003
  4.3393197e+003
  4.3442721e+003
  4.3492246e+003
  4.3541771e+003
  4.3591296e+003
  4.3640820e+003
  4.3690345e+003
  4.3739870e+003
  4.3789395e+003
  4.3838919e+003
  4.3888444e+003
  4.3937969e+003
  4.3987494e+003
  4.4037019e+003
  4.4086543e+003
  4.4136068e+003
  4.4185593e+003
  4.4235118e+003
  4.4284642e+003
  4.4334167e+003
  4.4383692e+003
  4.4433217e+003
  4.4482741e+003
  4.4532266e+003
  4.4581791e+003
  4.4631316e+003
  4.4680840e+003
  4.4730365e+003
  4.4779890e+003
  4.4829415e+003
  4.4878939e+003
  4.4928464e+003
  4.4977989e+003
  4.5027514e+003
  4.5077039e+003
  4.5126563e+003
  4.5176088e+003
  4.5225613e+003
  4.5275138e+003
  4.5324662e+003
  4.5374187e+003
  4.5423712e+003
  4.5473237e+003
  4.5522761e+003
  4.5572286e+003
  4.5621811e+003
  4.5671336e+003
  4.5720860e+003
  4.5770385e+003
  4.5819910e+003
  4.5869435e+003
  4.5918959e+003
  4.5968484e+003
  4.6018009e+003
  4.6067534e+003
  4.6117059e+003
  4.6166583e+003
  4.6216108e+003
  4.6265633e+003
  4.6315158e+003
  4.6364682e+003
  4.6414207e+003
  4.6463732e+003
  4.6513257e+003
  4.6562781e+003
  4.6612306e+003
  4.6661831e+003
  4.6711356e+003
  4.6760880e+003
  4.6810405e+003
  4.6859930e+003
  4.6909455e+003
  4.6958979e+003
  4.7008504e+003
  4.7058029e+003
  4.7107554e+003
  4.7157079e+003
  4.7206603e+003
  4.7256128e+003
  4.7305653e+003
  4.7355178e+003
  4.7404702e+003
  4.7454227e+003
  4.7503752e+003
  4.7553277e+003
  4.7602801e+003
  4.7652326e+003
  4.7701851e+003
  4.7751376e+003
  4.7800900e+003
  4.7850425e+003
  4.7899950e+003
  4.7949475e+003
  4.7998999e+003
  4.8048524e+003
  4.8098049e+003
  4.8147574e+003
  4.8197099e+003
  4.8246623e+003
  4.8296148e+003
  4.8345673e+003
  4.8395198e+003
  4.8444722e+003
  4.8494247e+003
  4.8543772e+003
  4.8593297e+003
  4.8642821e+003
  4.8692346e+003
  4.8741871e+003
  4.8791396e+003
  4.8840920e+003
  4.8890445e+003
  4.8939970e+003
  4.8989495e+003
  4.9039020e+003
  4.9088544e+003
  4.9138069e+003
  4.9187594e+003
  4.9237119e+003
  4.9286643e+003
  4.9336168e+003
  4.9385693e+003
  4.9435218e+003
  4.9484742e+003
  4.9534267e+003
  4.9583792e+003
  4.9633317e+003
  4.9682841e+003
  4.9732366e+003
  4.9781891e+003
  4.9831416e+003
  4.9880940e+003
  4.9930465e+003
  4.9979990e+003
  5.0029515e+003
  5.0079040e+003
  5.0128564e+003
  5.0178089e+003
  5.0227614e+003
  5.0277139e+003
  5.0326663e+003
  5.0376188e+003
  5.0425713e+003
  5.0475238e+003
  5.0524762e+003
  5.0574287e+003
  5.0623812e+003
  5.0673337e+003
  5.0722861e+003
  5.0772386e+003
  5.0821911e+003
  5.0871436e+003
  5.0920960e+003
  5.0970485e+003
  5.1020010e+003
  5.1069535e+003
  5.1119060e+003
  5.1168584e+003
  5.1218109e+003
  5.1267634e+003
  5.1317159e+003
  5.1366683e+003
  5.1416208e+003
  5.1465733e+003
  5.1515258e+003
  5.1564782e+003
  5.1614307e+003
  5.1663832e+003
  5.1713357e+003
  5.1762881e+003
  5.1812406e+003
  5.1861931e+003
  5.1911456e+003
  5.1960980e+003
  5.2010505e+003
  5.2060030e+003
  5.2109555e+003
  5.2159080e+003
  5.2208604e+003
  5.2258129e+003
  5.2307654e+003
  5.2357179e+003
  5.2406703e+003
  5.2456228e+003
  5.2505753e+003
  5.2555278e+003
  5.2604802e+003
  5.2654327e+003
  5.2703852e+003
  5.2753377e+003
  5.2802901e+003
  5.2852426e+003
  5.2901951e+003
  5.2951476e+003
  5.3001001e+003
  5.3050525e+003
  5.3100050e+003
  5.3149575e+003
  5.3199100e+003
  5.3248624e+003
  5.3298149e+003
  5.3347674e+003
  5.3397199e+003
  5.3446723e+003
  5.3496248e+003
  5.3545773e+003
  5.3595298e+003
  5.3644822e+003
  5.3694347e+003
  5.3743872e+003
  5.3793397e+003
  5.3842921e+003
  5.3892446e+003
  5.3941971e+003
  5.3991496e+003
  5.4041021e+003
  5.4090545e+003
  5.4140070e+003
  5.4189595e+003
  5.4239120e+003
  5.4288644e+003
  5.4338169e+003
  5.4387694e+003
  5.4437219e+003
  5.4486743e+003
  5.4536268e+003
  5.4585793e+003
  5.4635318e+003
  5.4684842e+003
  5.4734367e+003
  5.4783892e+003
  5.4833417e+003
  5.4882941e+003
  5.4932466e+003
  5.4981991e+003
  5.5031516e+003
  5.5081041e+003
  5.5130565e+003
  5.5180090e+003
  5.5229615e+003
  5.5279140e+003
  5.5328664e+003
  5.5378189e+003
  5.5427714e+003
  5.5477239e+003
  5.5526763e+003
  5.5576288e+003
  5.5625813e+003
  5.5675338e+003
  5.5724862e+003
  5.5774387e+003
  5.5823912e+003
  5.5873437e+003
  5.5922961e+003
  5.5972486e+003
  5.6022011e+003
  5.6071536e+003
  5.6121061e+003
  5.6170585e+003
  5.6220110e+003
  5.6269635e+003
  5.6319160e+003
  5.6368684e+003
  5.6418209e+003
  5.6467734e+003
  5.6517259e+003
  5.6566783e+003
  5.6616308e+003
  5.6665833e+003
  5.6715358e+003
  5.6764882e+003
  5.6814407e+003
  5.6863932e+003
  5.6913457e+003
  5.6962981e+003
  5.7012506e+003
  5.7062031e+003
  5.7111556e+003
  5.7161081e+003
  5.7210605e+003
  5.7260130e+003
  5.7309655e+003
  5.7359180e+003
  5.7408704e+003
  5.7458229e+003
  5.7507754e+003
  5.7557279e+003
  5.7606803e+003
  5.7656328e+003
  5.7705853e+003
  5.7755378e+003
  5.7804902e+003
  5.7854427e+003
  5.7903952e+003
  5.7953477e+003
  5.8003002e+003
  5.8052526e+003
  5.8102051e+003
  5.8151576e+003
  5.8201101e+003
  5.8250625e+003
  5.8300150e+003
  5.8349675e+003
  5.8399200e+003
  5.8448724e+003
  5.8498249e+003
  5.8547774e+003
  5.8597299e+003
  5.8646823e+003
  5.8696348e+003
  5.8745873e+003
  5.8795398e+003
  5.8844922e+003
  5.8894447e+003
  5.8943972e+003
  5.8993497e+003
  5.9043022e+003
  5.9092546e+003
  5.9142071e+003
  5.9191596e+003
  5.9241121e+003
  5.9290645e+003
  5.9340170e+003
  5.9389695e+003
  5.9439220e+003
  5.9488744e+003
  5.9538269e+003
  5.9587794e+003
  5.9637319e+003
  5.9686843e+003
  5.9736368e+003
  5.9785893e+003
  5.9835418e+003
  5.9884942e+003
  5.9934467e+003
  5.9983992e+003
  6.0033517e+003
  6.0083042e+003
  6.0132566e+003
  6.0182091e+003
  6.0231616e+003
  6.0281141e+003
  6.0330665e+003
  6.0380190e+003
  6.0429715e+003
  6.0479240e+003
  6.0528764e+003
  6.0578289e+003
  6.0627814e+003
  6.0677339e+003
  6.0726863e+003
  6.0776388e+003
  6.0825913e+003
  6.0875438e+003
  6.0924962e+003
  6.0974487e+003
  6.1024012e+003
  6.1073537e+003
  6.1123062e+003
  6.1172586e+003
  6.1222111e+003
  6.1271636e+003
  6.1321161e+003
  6.1370685e+003
  6.1420210e+003
  6.1469735e+003
  6.1519260e+003
  6.1568784e+003
  6.1618309e+003
  6.1667834e+003
  6.1717359e+003
  6.1766883e+003
  6.1816408e+003
  6.1865933e+003
  6.1915458e+003
  6.1964982e+003
  6.2014507e+003
  6.2064032e+003
  6.2113557e+003
  6.2163082e+003
  6.2212606e+003
  6.2262131e+003
  6.2311656e+003
  6.2361181e+003
  6.2410705e+003
  6.2460230e+003
  6.2509755e+003
  6.2559280e+003
  6.2608804e+003
  6.2658329e+003
  6.2707854e+003
  6.2757379e+003
  6.2806903e+003
  6.2856428e+003
  6.2905953e+003
  6.2955478e+003
  6.3005003e+003
  6.3054527e+003
  6.3104052e+003
  6.3153577e+003
  6.3203102e+003
  6.3252626e+003
  6.3302151e+003
  6.3351676e+003
  6.3401201e+003
  6.3450725e+003
  6.3500250e+003
  6.3549775e+003
  6.3599300e+003
  6.3648824e+003
  6.3698349e+003
  6.3747874e+003
  6.3797399e+003
  6.3846923e+003
  6.3896448e+003
  6.3945973e+003
  6.3995498e+003
  6.4045023e+003
  6.4094547e+003
  6.4144072e+003
  6.4193597e+003
  6.4243122e+003
  6.4292646e+003
  6.4342171e+003
  6.4391696e+003
  6.4441221e+003
  6.4490745e+003
  6.4540270e+003
  6.4589795e+003
  6.4639320e+003
  6.4688844e+003
  6.4738369e+003
  6.4787894e+003
  6.4837419e+003
  6.4886943e+003
  6.4936468e+003
  6.4985993e+003
  6.5035518e+003
  6.5085043e+003
  6.5134567e+003
  6.5184092e+003
  6.5233617e+003
  6.5283142e+003
  6.5332666e+003
  6.5382191e+003
  6.5431716e+003
  6.5481241e+003
  6.5530765e+003
  6.5580290e+003
  6.5629815e+003
  6.5679340e+003
  6.5728864e+003
  6.5778389e+003
  6.5827914e+003
  6.5877439e+003
  6.5926963e+003
  6.5976488e+003
  6.6026013e+003
  6.6075538e+003
  6.6125063e+003
  6.6174587e+003
  6.6224112e+003
  6.6273637e+003
  6.6323162e+003
  6.6372686e+003
  6.6422211e+003
  6.6471736e+003
  6.6521261e+003
  6.6570785e+003
  6.6620310e+003
  6.6669835e+003
  6.6719360e+003
  6.6768884e+003
  6.6818409e+003
  6.6867934e+003
  6.6917459e+003
  6.6966983e+003
  6.7016508e+003
  6.7066033e+003
  6.7115558e+003
  6.7165083e+003
  6.7214607e+003
  6.7264132e+003
  6.7313657e+003
  6.7363182e+003
  6.7412706e+003
  6.7462231e+003
  6.7511756e+003
  6.7561281e+003
  6.7610805e+003
  6.7660330e+003
  6.7709855e+003
  6.7759380e+003
  6.7808904e+003
  6.7858429e+003
  6.7907954e+003
  6.7957479e+003
  6.8007004e+003
  6.8056528e+003
  6.8106053e+003
  6.8155578e+003
  6.8205103e+003
  6.8254627e+003
  6.8304152e+003
  6.8353677e+003
  6.8403202e+003
  6.8452726e+003
  6.8502251e+003
  6.8551776e+003
  6.8601301e+003
  6.8650825e+003
  6.8700350e+003
  6.8749875e+003
  6.8799400e+003
  6.8848924e+003
  6.8898449e+003
  6.8947974e+003
  6.8997499e+003
  6.9047024e+003
  6.9096548e+003
  6.9146073e+003
  6.9195598e+003
  6.9245123e+003
  6.9294647e+003
  6.9344172e+003
  6.9393697e+003
  6.9443222e+003
  6.9492746e+003
  6.9542271e+003
  6.9591796e+003
  6.9641321e+003
  6.9690845e+003
  6.9740370e+003
  6.9789895e+003
  6.9839420e+003
  6.9888944e+003
  6.9938469e+003
  6.9987994e+003
  7.0037519e+003
  7.0087044e+003
  7.0136568e+003
  7.0186093e+003
  7.0235618e+003
  7.0285143e+003
  7.0334667e+003
  7.0384192e+003
  7.0433717e+003
  7.0483242e+003
  7.0532766e+003
  7.0582291e+003
  7.0631816e+003
  7.0681341e+003
  7.0730865e+003
  7.0780390e+003
  7.0829915e+003
  7.0879440e+003
  7.0928964e+003
  7.0978489e+003
  7.1028014e+003
  7.1077539e+003
  7.1127064e+003
  7.1176588e+003
  7.1226113e+003
  7.1275638e+003
  7.1325163e+003
  7.1374687e+003
  7.1424212e+003
  7.1473737e+003
  7.1523262e+003
  7.1572786e+003
  7.1622311e+003
  7.1671836e+003
  7.1721361e+003
  7.1770885e+003
  7.1820410e+003
  7.1869935e+003
  7.1919460e+003
  7.1968984e+003
  7.2018509e+003
  7.2068034e+003
  7.2117559e+003
  7.2167084e+003
  7.2216608e+003
  7.2266133e+003
  7.2315658e+003
  7.2365183e+003
  7.2414707e+003
  7.2464232e+003
  7.2513757e+003
  7.2563282e+003
  7.2612806e+003
  7.2662331e+003
  7.2711856e+003
  7.2761381e+003
  7.2810905e+003
  7.2860430e+003
  7.2909955e+003
  7.2959480e+003
  7.3009005e+003
  7.3058529e+003
  7.3108054e+003
  7.3157579e+003
  7.3207104e+003
  7.3256628e+003
  7.3306153e+003
  7.3355678e+003
  7.3405203e+003
  7.3454727e+003
  7.3504252e+003
  7.3553777e+003
  7.3603302e+003
  7.3652826e+003
  7.3702351e+003
  7.3751876e+003
  7.3801401e+003
  7.3850925e+003
  7.3900450e+003
  7.3949975e+003
  7.3999500e+003
  7.4049025e+003
  7.4098549e+003
  7.4148074e+003
  7.4197599e+003
  7.4247124e+003
  7.4296648e+003
  7.4346173e+003
  7.4395698e+003
  7.4445223e+003
  7.4494747e+003
  7.4544272e+003
  7.4593797e+003
  7.4643322e+003
  7.4692846e+003
  7.4742371e+003
  7.4791896e+003
  7.4841421e+003
  7.4890945e+003
  7.4940470e+003
  7.4989995e+003
  7.5039520e+003
  7.5089045e+003
  7.5138569e+003
  7.5188094e+003
  7.5237619e+003
  7.5287144e+003
  7.5336668e+003
  7.5386193e+003
  7.5435718e+003
  7.5485243e+003
  7.5534767e+003
  7.5584292e+003
  7.5633817e+003
  7.5683342e+003
  7.5732866e+003
  7.5782391e+003
  7.5831916e+003
  7.5881441e+003
  7.5930965e+003
  7.5980490e+003
  7.6030015e+003
  7.6079540e+003
  7.6129065e+003
  7.6178589e+003
  7.6228114e+003
  7.6277639e+003
  7.6327164e+003
  7.6376688e+003
  7.6426213e+003
  7.6475738e+003
  7.6525263e+003
  7.6574787e+003
  7.6624312e+003
  7.6673837e+003
  7.6723362e+003
  7.6772886e+003
  7.6822411e+003
  7.6871936e+003
  7.6921461e+003
  7.6970985e+003
  7.7020510e+003
  7.7070035e+003
  7.7119560e+003
  7.7169085e+003
  7.7218609e+003
  7.7268134e+003
  7.7317659e+003
  7.7367184e+003
  7.7416708e+003
  7.7466233e+003
  7.7515758e+003
  7.7565283e+003
  7.7614807e+003
  7.7664332e+003
  7.7713857e+003
  7.7763382e+003
  7.7812906e+003
  7.7862431e+003
  7.7911956e+003
  7.7961481e+003
  7.8011006e+003
  7.8060530e+003
  7.8110055e+003
  7.8159580e+003
  7.8209105e+003
  7.8258629e+003
  7.8308154e+003
  7.8357679e+003
  7.8407204e+003
  7.8456728e+003
  7.8506253e+003
  7.8555778e+003
  7.8605303e+003
  7.8654827e+003
  7.8704352e+003
  7.8753877e+003
  7.8803402e+003
  7.8852926e+003
  7.8902451e+003
  7.8951976e+003
  7.9001501e+003
  7.9051026e+003
  7.9100550e+003
  7.9150075e+003
  7.9199600e+003
  7.9249125e+003
  7.9298649e+003
  7.9348174e+003
  7.9397699e+003
  7.9447224e+003
  7.9496748e+003
  7.9546273e+003
  7.9595798e+003
  7.9645323e+003
  7.9694847e+003
  7.9744372e+003
  7.9793897e+003
  7.9843422e+003
  7.9892946e+003
  7.9942471e+003
  7.9991996e+003
  8.0041521e+003
  8.0091046e+003
  8.0140570e+003
  8.0190095e+003
  8.0239620e+003
  8.0289145e+003
  8.0338669e+003
  8.0388194e+003
  8.0437719e+003
  8.0487244e+003
  8.0536768e+003
  8.0586293e+003
  8.0635818e+003
  8.0685343e+003
  8.0734867e+003
  8.0784392e+003
  8.0833917e+003
  8.0883442e+003
  8.0932966e+003
  8.0982491e+003
  8.1032016e+003
  8.1081541e+003
  8.1131066e+003
  8.1180590e+003
  8.1230115e+003
  8.1279640e+003
  8.1329165e+003
  8.1378689e+003
  8.1428214e+003
  8.1477739e+003
  8.1527264e+003
  8.1576788e+003
  8.1626313e+003
  8.1675838e+003
  8.1725363e+003
  8.1774887e+003
  8.1824412e+003
  8.1873937e+003
  8.1923462e+003
  8.1972986e+003
  8.2022511e+003
  8.2072036e+003
  8.2121561e+003
  8.2171086e+003
  8.2220610e+003
  8.2270135e+003
  8.2319660e+003
  8.2369185e+003
  8.2418709e+003
  8.2468234e+003
  8.2517759e+003
  8.2567284e+003
  8.2616808e+003
  8.2666333e+003
  8.2715858e+003
  8.2765383e+003
  8.2814907e+003
  8.2864432e+003
  8.2913957e+003
  8.2963482e+003
  8.3013007e+003
  8.3062531e+003
  8.3112056e+003
  8.3161581e+003
  8.3211106e+003
  8.3260630e+003
  8.3310155e+003
  8.3359680e+003
  8.3409205e+003
  8.3458729e+003
  8.3508254e+003
  8.3557779e+003
  8.3607304e+003
  8.3656828e+003
  8.3706353e+003
  8.3755878e+003
  8.3805403e+003
  8.3854927e+003
  8.3904452e+003
  8.3953977e+003
  8.4003502e+003
  8.4053027e+003
  8.4102551e+003
  8.4152076e+003
  8.4201601e+003
  8.4251126e+003
  8.4300650e+003
  8.4350175e+003
  8.4399700e+003
  8.4449225e+003
  8.4498749e+003
  8.4548274e+003
  8.4597799e+003
  8.4647324e+003
  8.4696848e+003
  8.4746373e+003
  8.4795898e+003
  8.4845423e+003
  8.4894947e+003
  8.4944472e+003
  8.4993997e+003
  8.5043522e+003
  8.5093047e+003
  8.5142571e+003
  8.5192096e+003
  8.5241621e+003
  8.5291146e+003
  8.5340670e+003
  8.5390195e+003
  8.5439720e+003
  8.5489245e+003
  8.5538769e+003
  8.5588294e+003
  8.5637819e+003
  8.5687344e+003
  8.5736868e+003
  8.5786393e+003
  8.5835918e+003
  8.5885443e+003
  8.5934967e+003
  8.5984492e+003
  8.6034017e+003
  8.6083542e+003
  8.6133067e+003
  8.6182591e+003
  8.6232116e+003
  8.6281641e+003
  8.6331166e+003
  8.6380690e+003
  8.6430215e+003
  8.6479740e+003
  8.6529265e+003
  8.6578789e+003
  8.6628314e+003
  8.6677839e+003
  8.6727364e+003
  8.6776888e+003
  8.6826413e+003
  8.6875938e+003
  8.6925463e+003
  8.6974987e+003
  8.7024512e+003
  8.7074037e+003
  8.7123562e+003
  8.7173087e+003
  8.7222611e+003
  8.7272136e+003
  8.7321661e+003
  8.7371186e+003
  8.7420710e+003
  8.7470235e+003
  8.7519760e+003
  8.7569285e+003
  8.7618809e+003
  8.7668334e+003
  8.7717859e+003
  8.7767384e+003
  8.7816908e+003
  8.7866433e+003
  8.7915958e+003
  8.7965483e+003
  8.8015008e+003
  8.8064532e+003
  8.8114057e+003
  8.8163582e+003
  8.8213107e+003
  8.8262631e+003
  8.8312156e+003
  8.8361681e+003
  8.8411206e+003
  8.8460730e+003
  8.8510255e+003
  8.8559780e+003
  8.8609305e+003
  8.8658829e+003
  8.8708354e+003
  8.8757879e+003
  8.8807404e+003
  8.8856928e+003
  8.8906453e+003
  8.8955978e+003
  8.9005503e+003
  8.9055028e+003
  8.9104552e+003
  8.9154077e+003
  8.9203602e+003
  8.9253127e+003
  8.9302651e+003
  8.9352176e+003
  8.9401701e+003
  8.9451226e+003
  8.9500750e+003
  8.9550275e+003
  8.9599800e+003
  8.9649325e+003
  8.9698849e+003
  8.9748374e+003
  8.9797899e+003
  8.9847424e+003
  8.9896948e+003
  8.9946473e+003
  8.9995998e+003
  9.0045523e+003
  9.0095048e+003
  9.0144572e+003
  9.0194097e+003
  9.0243622e+003
  9.0293147e+003
  9.0342671e+003
  9.0392196e+003
  9.0441721e+003
  9.0491246e+003
  9.0540770e+003
  9.0590295e+003
  9.0639820e+003
  9.0689345e+003
  9.0738869e+003
  9.0788394e+003
  9.0837919e+003
  9.0887444e+003
  9.0936968e+003
  9.0986493e+003
  9.1036018e+003
  9.1085543e+003
  9.1135068e+003
  9.1184592e+003
  9.1234117e+003
  9.1283642e+003
  9.1333167e+003
  9.1382691e+003
  9.1432216e+003
  9.1481741e+003
  9.1531266e+003
  9.1580790e+003
  9.1630315e+003
  9.1679840e+003
  9.1729365e+003
  9.1778889e+003
  9.1828414e+003
  9.1877939e+003
  9.1927464e+003
  9.1976988e+003
  9.2026513e+003
  9.2076038e+003
  9.2125563e+003
  9.2175088e+003
  9.2224612e+003
  9.2274137e+003
  9.2323662e+003
  9.2373187e+003
  9.2422711e+003
  9.2472236e+003
  9.2521761e+003
  9.2571286e+003
  9.2620810e+003
  9.2670335e+003
  9.2719860e+003
  9.2769385e+003
  9.2818909e+003
  9.2868434e+003
  9.2917959e+003
  9.2967484e+003
  9.3017009e+003
  9.3066533e+003
  9.3116058e+003
  9.3165583e+003
  9.3215108e+003
  9.3264632e+003
  9.3314157e+003
  9.3363682e+003
  9.3413207e+003
  9.3462731e+003
  9.3512256e+003
  9.3561781e+003
  9.3611306e+003
  9.3660830e+003
  9.3710355e+003
  9.3759880e+003
  9.3809405e+003
  9.3858929e+003
  9.3908454e+003
  9.3957979e+003
  9.4007504e+003
  9.4057029e+003
  9.4106553e+003
  9.4156078e+003
  9.4205603e+003
  9.4255128e+003
  9.4304652e+003
  9.4354177e+003
  9.4403702e+003
  9.4453227e+003
  9.4502751e+003
  9.4552276e+003
  9.4601801e+003
  9.4651326e+003
  9.4700850e+003
  9.4750375e+003
  9.4799900e+003
  9.4849425e+003
  9.4898949e+003
  9.4948474e+003
  9.4997999e+003
  9.5047524e+003
  9.5097049e+003
  9.5146573e+003
  9.5196098e+003
  9.5245623e+003
  9.5295148e+003
  9.5344672e+003
  9.5394197e+003
  9.5443722e+003
  9.5493247e+003
  9.5542771e+003
  9.5592296e+003
  9.5641821e+003
  9.5691346e+003
  9.5740870e+003
  9.5790395e+003
  9.5839920e+003
  9.5889445e+003
  9.5938969e+003
  9.5988494e+003
  9.6038019e+003
  9.6087544e+003
  9.6137069e+003
  9.6186593e+003
  9.6236118e+003
  9.6285643e+003
  9.6335168e+003
  9.6384692e+003
  9.6434217e+003
  9.6483742e+003
  9.6533267e+003
  9.6582791e+003
  9.6632316e+003
  9.6681841e+003
  9.6731366e+003
  9.6780890e+003
  9.6830415e+003
  9.6879940e+003
  9.6929465e+003
  9.6978989e+003
  9.7028514e+003
  9.7078039e+003
  9.7127564e+003
  9.7177089e+003
  9.7226613e+003
  9.7276138e+003
  9.7325663e+003
  9.7375188e+003
  9.7424712e+003
  9.7474237e+003
  9.7523762e+003
  9.7573287e+003
  9.7622811e+003
  9.7672336e+003
  9.7721861e+003
  9.7771386e+003
  9.7820910e+003
  9.7870435e+003
  9.7919960e+003
  9.7969485e+003
  9.8019010e+003
  9.8068534e+003
  9.8118059e+003
  9.8167584e+003
  9.8217109e+003
  9.8266633e+003
  9.8316158e+003
  9.8365683e+003
  9.8415208e+003
  9.8464732e+003
  9.8514257e+003
  9.8563782e+003
  9.8613307e+003
  9.8662831e+003
  9.8712356e+003
  9.8761881e+003
  9.8811406e+003
  9.8860930e+003
  9.8910455e+003
  9.8959980e+003
  9.9009505e+003
  9.9059030e+003
  9.9108554e+003
  9.9158079e+003
  9.9207604e+003
  9.9257129e+003
  9.9306653e+003
  9.9356178e+003
  9.9405703e+003
  9.9455228e+003
  9.9504752e+003
  9.9554277e+003
  9.9603802e+003
  9.9653327e+003
  9.9702851e+003
  9.9752376e+003
  9.9801901e+003
  9.9851426e+003
  9.9900950e+003
  9.9950475e+003
  1.0000000e+004
