   0.1798867254    0.8848074182    0.6296142327    0.2529794785    0.6703920666    0.2376163774    0.7254352400    0.2196202536    1.8255406820    0.0877558695
   0.1979168801    0.8042126018    0.6419817276    0.2481136363    0.7369698118    0.2161900910    0.7782066848    0.2047594846    1.9012435976    0.0843082619
   0.1870867427    0.8507601173    0.6282394035    0.2535322300    0.6969158188    0.2285893408    0.7440334054    0.2141420748    1.8431124131    0.0869302170
   0.2019787412    0.7880421393    0.6343257585    0.2511033944    0.7518046537    0.2119333903    0.7859698281    0.2027418978    1.8945139631    0.0846035032
   0.1718407130    0.9262311425    0.6097423689    0.2612115397    0.6404966036    0.2486880049    0.6962425478    0.2288099649    1.7608440705    0.0909387828
   0.2930157614    0.5432537673    0.7287986699    0.2186088073    1.0634583976    0.1499919883    1.0868544749    0.1467777409    2.2948183758    0.0700749862
   0.3254371292    0.4891519781    0.7522629632    0.2118045597    1.1571599910    0.1379028048    1.2053729976    0.1324165988    2.4024868247    0.0670006806
   0.1961169312    0.8115924784    0.6480913237    0.2457784747    0.7304233528    0.2181235748    0.7758297355    0.2053853210    1.9097438161    0.0839383370
   0.2734621675    0.5820857703    0.6973645975    0.2284425174    0.9995582888    0.1595392952    1.0147798852    0.1571557141    2.1847469818    0.0735345851
   0.1594128539    0.9984322014    0.5945354390    0.2678830887    0.6021206485    0.2645131697    0.6602208964    0.2412705859    1.6574554969    0.0965443650
   0.2652716620    0.6000529758    0.7036466331    0.2264069516    0.9806732504    0.1625995981    0.9850404367    0.1618814491    2.1863229366    0.0734825694
   0.2651591459    0.6003075282    0.6930418232    0.2298646787    0.9760785244    0.1633621147    0.9843828341    0.1619891783    2.1601233790    0.0743572583
   0.1578134345    1.0085501769    0.5886403756    0.2705621379    0.6038342930    0.2637635728    0.6566489252    0.2425807743    1.6411572922    0.0974928482
   0.1566490294    1.0160462076    0.5843714434    0.2725359481    0.6078734358    0.2620134698    0.6551505047    0.2431346478    1.6293998080    0.0981889267
   0.1816182324    0.8763729476    0.6188676738    0.2573656243    0.6766531493    0.2354216249    0.7258179895    0.2195046805    1.8082031920    0.0885863483
   0.2944440793    0.5406193944    0.7189925502    0.2215841427    1.0631102460    0.1500408895    1.0917775213    0.1461189766    2.2722297158    0.0707573513
   0.1909158599    0.8336991696    0.6238194817    0.2553257843    0.7109607622    0.2240823237    0.7524680769    0.2117469532    1.8438433755    0.0868962141
   0.2537261497    0.6273502669    0.6958257923    0.2289467457    0.9426646305    0.1691313168    0.9471845495    0.1683270635    2.1464187400    0.0748233825
   0.2405923174    0.6615885736    0.6681447298    0.2384141970    0.8940391501    0.1782987383    0.9014999235    0.1768278142    2.0552764790    0.0780829266
   0.2521390428    0.6312981668    0.6854409915    0.2324088380    0.9366411265    0.1702151971    0.9388342824    0.1698189437    2.1184674399    0.0757929326
   0.2243434184    0.7094959855    0.6755832742    0.2357937733    0.8346062370    0.1909568479    0.8615446930    0.1850027422    2.0390984886    0.0786922230
   0.2335802360    0.6814449983    0.6805540044    0.2340746599    0.8685829332    0.1835080453    0.8879508866    0.1795174108    2.0704718591    0.0775193815
   0.2315116896    0.6875323728    0.6662317456    0.2390975638    0.8607419549    0.1851747733    0.8767854862    0.1817964102    2.0327881825    0.0789325332
   0.3338302237    0.4768590215    0.7662166086    0.2079560537    1.1846720484    0.1347173249    1.2362734565    0.1291260396    2.4502750965    0.0657236846
   0.1628407653    0.9774166401    0.5991366624    0.2658286918    0.6071691555    0.2623169471    0.6681543792    0.2384107599    1.6923831282    0.0945735886
   0.2284701668    0.6966832652    0.6728134804    0.2367627295    0.8497052929    0.1875729940    0.8713657255    0.1829237400    2.0417376804    0.0785921610
   0.2863851725    0.5558273424    0.7278192036    0.2189023854    1.0457706517    0.1525176852    1.0626713905    0.1501025767    2.2817606579    0.0704677729
   0.2648851768    0.6009282503    0.7100659155    0.2243641565    0.9822534189    0.1623390133    0.9837725151    0.1620892906    2.2012791026    0.0729926716
   0.2034231465    0.7824475536    0.6426650812    0.2478502432    0.7572357842    0.2104167384    0.7930904452    0.2009260707    1.9164879931    0.0836471856
   0.3125726844    0.5092755858    0.7431797236    0.2143875206    1.1201698185    0.1424329966    1.1583955364    0.1377564935    2.3608607400    0.0681556342
   0.1714161789    0.9285248054    0.6200501549    0.2568755514    0.6390374049    0.2492549493    0.6991615505    0.2278565125    1.7803522005    0.0899545153
   0.2151993391    0.7396374576    0.6626810868    0.2403764165    0.8008183514    0.1989919640    0.8322180949    0.1915033171    1.9891117335    0.0806379713
   0.3072692850    0.5180622080    0.7378451173    0.2159341744    1.1042170116    0.1444806540    1.1389644265    0.1400943518    2.3394447302    0.0687660346
   0.2654275708    0.5997006102    0.6987090581    0.2280037907    0.9790819617    0.1628628683    0.9854961071    0.1618068851    2.1745090789    0.0738743487
   0.2734644907    0.5820808268    0.7034311091    0.2264761849    1.0020432343    0.1591452165    1.0149408893    0.1571308850    2.1998238981    0.0730400423
   0.2378422534    0.6692364897    0.6674907029    0.2386473911    0.8839582725    0.1803257309    0.8939912655    0.1783082584    2.0484032450    0.0783406011
   0.1809864535    0.8794317508    0.6240008738    0.2552516771    0.6743840529    0.2362123187    0.7261546475    0.2194031258    1.8171324909    0.0881566361
   0.3118677153    0.5104263471    0.7348066845    0.2168251513    1.1148198483    0.1431131566    1.1555715450    0.1380913670    2.3383077503    0.0687987569
   0.3026089484    0.5260376872    0.7318504014    0.2176991474    1.0896414853    0.1464040718    1.1218453942    0.1422213123    2.3172285020    0.0694112972
   0.2429983833    0.6550393111    0.6917867656    0.2302809158    0.9033096396    0.1764746883    0.9172974277    0.1737923630    2.1160378454    0.0758784291
   0.2986816002    0.5329520445    0.7324978916    0.2175071192    1.0797214827    0.1477429060    1.1075803759    0.1440440229    2.3129396865    0.0695373073
   0.2195396620    0.7250174451    0.6702669016    0.2376606710    0.8168806862    0.1950891757    0.8467180735    0.1882328708    2.0162024104    0.0795713875
   0.2192741029    0.7258953343    0.6511725691    0.2446174213    0.8155965084    0.1953955411    0.8384520498    0.1900833777    1.9720912900    0.0813231895
   0.2945788680    0.5403721111    0.7382074161    0.2158284254    1.0714066346    0.1488842473    1.0928016185    0.1459826873    2.3209388474    0.0693026630
   0.1678779758    0.9480921860    0.6031135899    0.2640783095    0.6258045405    0.2545171334    0.6831050968    0.2332020955    1.7352877120    0.0922619032
   0.3177320660    0.5010091069    0.7428395965    0.2144854694    1.1333334086    0.1407868700    1.1771137167    0.1355775902    2.3673440238    0.0679730490
   0.1535721655    1.0364010420    0.5729567918    0.2779582639    0.6034213468    0.2639438176    0.6452355232    0.2468644874    1.5976958937    0.1001172230
   0.2018718123    0.7884594879    0.6480386927    0.2457984027    0.7516048592    0.2119896017    0.7910912389    0.2014325834    1.9244722776    0.0833051550
   0.1631624457    0.9754898311    0.6072778859    0.2622700488    0.6084356065    0.2617717327    0.6722087071    0.2369753602    1.6960433056    0.0943717896
   0.2380919636    0.6685347530    0.6735376365    0.2365086281    0.8849896318    0.1801162285    0.8970668594    0.1776988577    2.0632140127    0.0777875061
