   1.0480764e+00
   1.0281319e+00
   9.6283830e-01
   1.0355897e+00
   9.5036869e-01
   1.0018303e+00
   1.0231770e+00
   1.0307809e+00
   9.8662280e-01
   1.0134265e+00
   9.6652361e-01
   1.0087139e+00
   9.7674009e-01
   9.9300750e-01
   1.0472304e+00
   9.5813121e-01
   9.7758273e-01
   9.9960711e-01
   9.6781776e-01
   1.0382139e+00
   1.0066267e+00
   9.9702981e-01
   1.0252708e+00
   1.0191367e+00
   1.0219864e+00
   9.8972651e-01
   9.7327517e-01
   9.5491416e-01
   9.6130057e-01
   9.8120423e-01
   1.0111020e+00
   1.0401079e+00
   1.0330677e+00
   1.0431917e+00
   9.9030421e-01
   1.0150855e+00
   9.8415075e-01
   9.7068279e-01
   9.5593440e-01
   1.0029766e+00
   1.0292596e+00
   9.5284242e-01
   1.0489654e+00
   1.0445297e+00
   1.0110836e+00
   9.7930089e-01
   9.6821260e-01
   1.0161065e+00
   1.0424493e+00
   9.7623844e-01
   1.0025095e+00
   1.0208973e+00
   9.6709606e-01
   1.0347716e+00
   9.8909206e-01
   1.0382210e+00
   1.0229473e+00
   1.0458697e+00
   9.9471675e-01
   9.5691540e-01
   1.0128593e+00
   1.0074414e+00
   9.7244367e-01
   9.5794736e-01
   1.0361222e+00
   9.9622299e-01
   9.8155610e-01
   9.9796298e-01
   9.6451475e-01
   9.8502058e-01
   9.9216293e-01
   1.0262013e+00
   1.0099947e+00
   1.0305412e+00
   1.0197898e+00
   9.6063402e-01
   1.0015041e+00
   9.8352906e-01
   9.5063166e-01
   9.7287686e-01
