   0.1000000E+01     0.2096153E+12     0.2500000E+09     0.3000000E+00     0.2500000E+00     0.2000000E+00     0.1500000E+00     0.1500000E+00     0.1500000E+00     0.1500000E+00
   0.2000000E+01     0.2056264E+12     0.2500000E+09     0.3000000E+00     0.2500000E+00     0.2000000E+00     0.1500000E+00     0.1500000E+00     0.1500000E+00     0.1500000E+00
   0.3000000E+01     0.1925677E+12     0.2500000E+09     0.3000000E+00     0.2500000E+00     0.2000000E+00     0.1500000E+00     0.1500000E+00     0.1500000E+00     0.1500000E+00
   0.4000000E+01     0.2071179E+12     0.2500000E+09     0.3000000E+00     0.2500000E+00     0.2000000E+00     0.1500000E+00     0.1500000E+00     0.1500000E+00     0.1500000E+00
   0.5000000E+01     0.1900737E+12     0.2500000E+09     0.3000000E+00     0.2500000E+00     0.2000000E+00     0.1500000E+00     0.1500000E+00     0.1500000E+00     0.1500000E+00
   0.6000000E+01     0.2003661E+12     0.2500000E+09     0.3000000E+00     0.2500000E+00     0.2000000E+00     0.1500000E+00     0.1500000E+00     0.1500000E+00     0.1500000E+00
   0.7000000E+01     0.2046354E+12     0.2500000E+09     0.3000000E+00     0.2500000E+00     0.2000000E+00     0.1500000E+00     0.1500000E+00     0.1500000E+00     0.1500000E+00
   0.8000000E+01     0.2061562E+12     0.2500000E+09     0.3000000E+00     0.2500000E+00     0.2000000E+00     0.1500000E+00     0.1500000E+00     0.1500000E+00     0.1500000E+00
   0.9000000E+01     0.1973246E+12     0.2500000E+09     0.3000000E+00     0.2500000E+00     0.2000000E+00     0.1500000E+00     0.1500000E+00     0.1500000E+00     0.1500000E+00
   0.1000000E+02     0.2026853E+12     0.2500000E+09     0.3000000E+00     0.2500000E+00     0.2000000E+00     0.1500000E+00     0.1500000E+00     0.1500000E+00     0.1500000E+00
   0.1100000E+02     0.1933047E+12     0.2500000E+09     0.3000000E+00     0.2500000E+00     0.2000000E+00     0.1500000E+00     0.1500000E+00     0.1500000E+00     0.1500000E+00
   0.1200000E+02     0.2017428E+12     0.2500000E+09     0.3000000E+00     0.2500000E+00     0.2000000E+00     0.1500000E+00     0.1500000E+00     0.1500000E+00     0.1500000E+00
   0.1300000E+02     0.1953480E+12     0.2500000E+09     0.3000000E+00     0.2500000E+00     0.2000000E+00     0.1500000E+00     0.1500000E+00     0.1500000E+00     0.1500000E+00
   0.1400000E+02     0.1986015E+12     0.2500000E+09     0.3000000E+00     0.2500000E+00     0.2000000E+00     0.1500000E+00     0.1500000E+00     0.1500000E+00     0.1500000E+00
   0.1500000E+02     0.2094461E+12     0.2500000E+09     0.3000000E+00     0.2500000E+00     0.2000000E+00     0.1500000E+00     0.1500000E+00     0.1500000E+00     0.1500000E+00
   0.1600000E+02     0.1916262E+12     0.2500000E+09     0.3000000E+00     0.2500000E+00     0.2000000E+00     0.1500000E+00     0.1500000E+00     0.1500000E+00     0.1500000E+00
   0.1700000E+02     0.1955165E+12     0.2500000E+09     0.3000000E+00     0.2500000E+00     0.2000000E+00     0.1500000E+00     0.1500000E+00     0.1500000E+00     0.1500000E+00
   0.1800000E+02     0.1999214E+12     0.2500000E+09     0.3000000E+00     0.2500000E+00     0.2000000E+00     0.1500000E+00     0.1500000E+00     0.1500000E+00     0.1500000E+00
   0.1900000E+02     0.1935636E+12     0.2500000E+09     0.3000000E+00     0.2500000E+00     0.2000000E+00     0.1500000E+00     0.1500000E+00     0.1500000E+00     0.1500000E+00
   0.2000000E+02     0.2076428E+12     0.2500000E+09     0.3000000E+00     0.2500000E+00     0.2000000E+00     0.1500000E+00     0.1500000E+00     0.1500000E+00     0.1500000E+00
   0.2100000E+02     0.2013253E+12     0.2500000E+09     0.3000000E+00     0.2500000E+00     0.2000000E+00     0.1500000E+00     0.1500000E+00     0.1500000E+00     0.1500000E+00
   0.2200000E+02     0.1994060E+12     0.2500000E+09     0.3000000E+00     0.2500000E+00     0.2000000E+00     0.1500000E+00     0.1500000E+00     0.1500000E+00     0.1500000E+00
   0.2300000E+02     0.2050542E+12     0.2500000E+09     0.3000000E+00     0.2500000E+00     0.2000000E+00     0.1500000E+00     0.1500000E+00     0.1500000E+00     0.1500000E+00
   0.2400000E+02     0.2038273E+12     0.2500000E+09     0.3000000E+00     0.2500000E+00     0.2000000E+00     0.1500000E+00     0.1500000E+00     0.1500000E+00     0.1500000E+00
   0.2500000E+02     0.2043973E+12     0.2500000E+09     0.3000000E+00     0.2500000E+00     0.2000000E+00     0.1500000E+00     0.1500000E+00     0.1500000E+00     0.1500000E+00
   0.2600000E+02     0.1979453E+12     0.2500000E+09     0.3000000E+00     0.2500000E+00     0.2000000E+00     0.1500000E+00     0.1500000E+00     0.1500000E+00     0.1500000E+00
   0.2700000E+02     0.1946550E+12     0.2500000E+09     0.3000000E+00     0.2500000E+00     0.2000000E+00     0.1500000E+00     0.1500000E+00     0.1500000E+00     0.1500000E+00
   0.2800000E+02     0.1909828E+12     0.2500000E+09     0.3000000E+00     0.2500000E+00     0.2000000E+00     0.1500000E+00     0.1500000E+00     0.1500000E+00     0.1500000E+00
   0.2900000E+02     0.1922601E+12     0.2500000E+09     0.3000000E+00     0.2500000E+00     0.2000000E+00     0.1500000E+00     0.1500000E+00     0.1500000E+00     0.1500000E+00
   0.3000000E+02     0.1962408E+12     0.2500000E+09     0.3000000E+00     0.2500000E+00     0.2000000E+00     0.1500000E+00     0.1500000E+00     0.1500000E+00     0.1500000E+00
   0.3100000E+02     0.2022204E+12     0.2500000E+09     0.3000000E+00     0.2500000E+00     0.2000000E+00     0.1500000E+00     0.1500000E+00     0.1500000E+00     0.1500000E+00
   0.3200000E+02     0.2080216E+12     0.2500000E+09     0.3000000E+00     0.2500000E+00     0.2000000E+00     0.1500000E+00     0.1500000E+00     0.1500000E+00     0.1500000E+00
   0.3300000E+02     0.2066135E+12     0.2500000E+09     0.3000000E+00     0.2500000E+00     0.2000000E+00     0.1500000E+00     0.1500000E+00     0.1500000E+00     0.1500000E+00
   0.3400000E+02     0.2086383E+12     0.2500000E+09     0.3000000E+00     0.2500000E+00     0.2000000E+00     0.1500000E+00     0.1500000E+00     0.1500000E+00     0.1500000E+00
   0.3500000E+02     0.1980608E+12     0.2500000E+09     0.3000000E+00     0.2500000E+00     0.2000000E+00     0.1500000E+00     0.1500000E+00     0.1500000E+00     0.1500000E+00
   0.3600000E+02     0.2030171E+12     0.2500000E+09     0.3000000E+00     0.2500000E+00     0.2000000E+00     0.1500000E+00     0.1500000E+00     0.1500000E+00     0.1500000E+00
   0.3700000E+02     0.1968302E+12     0.2500000E+09     0.3000000E+00     0.2500000E+00     0.2000000E+00     0.1500000E+00     0.1500000E+00     0.1500000E+00     0.1500000E+00
   0.3800000E+02     0.1941366E+12     0.2500000E+09     0.3000000E+00     0.2500000E+00     0.2000000E+00     0.1500000E+00     0.1500000E+00     0.1500000E+00     0.1500000E+00
   0.3900000E+02     0.1911869E+12     0.2500000E+09     0.3000000E+00     0.2500000E+00     0.2000000E+00     0.1500000E+00     0.1500000E+00     0.1500000E+00     0.1500000E+00
   0.4000000E+02     0.2005953E+12     0.2500000E+09     0.3000000E+00     0.2500000E+00     0.2000000E+00     0.1500000E+00     0.1500000E+00     0.1500000E+00     0.1500000E+00
   0.4100000E+02     0.2058519E+12     0.2500000E+09     0.3000000E+00     0.2500000E+00     0.2000000E+00     0.1500000E+00     0.1500000E+00     0.1500000E+00     0.1500000E+00
   0.4200000E+02     0.1905685E+12     0.2500000E+09     0.3000000E+00     0.2500000E+00     0.2000000E+00     0.1500000E+00     0.1500000E+00     0.1500000E+00     0.1500000E+00
   0.4300000E+02     0.2097931E+12     0.2500000E+09     0.3000000E+00     0.2500000E+00     0.2000000E+00     0.1500000E+00     0.1500000E+00     0.1500000E+00     0.1500000E+00
   0.4400000E+02     0.2089059E+12     0.2500000E+09     0.3000000E+00     0.2500000E+00     0.2000000E+00     0.1500000E+00     0.1500000E+00     0.1500000E+00     0.1500000E+00
   0.4500000E+02     0.2022167E+12     0.2500000E+09     0.3000000E+00     0.2500000E+00     0.2000000E+00     0.1500000E+00     0.1500000E+00     0.1500000E+00     0.1500000E+00
   0.4600000E+02     0.1958602E+12     0.2500000E+09     0.3000000E+00     0.2500000E+00     0.2000000E+00     0.1500000E+00     0.1500000E+00     0.1500000E+00     0.1500000E+00
   0.4700000E+02     0.1936425E+12     0.2500000E+09     0.3000000E+00     0.2500000E+00     0.2000000E+00     0.1500000E+00     0.1500000E+00     0.1500000E+00     0.1500000E+00
   0.4800000E+02     0.2032213E+12     0.2500000E+09     0.3000000E+00     0.2500000E+00     0.2000000E+00     0.1500000E+00     0.1500000E+00     0.1500000E+00     0.1500000E+00
   0.4900000E+02     0.2084899E+12     0.2500000E+09     0.3000000E+00     0.2500000E+00     0.2000000E+00     0.1500000E+00     0.1500000E+00     0.1500000E+00     0.1500000E+00
   0.5000000E+02     0.1952477E+12     0.2500000E+09     0.3000000E+00     0.2500000E+00     0.2000000E+00     0.1500000E+00     0.1500000E+00     0.1500000E+00     0.1500000E+00
   0.5100000E+02     0.2005019E+12     0.2500000E+09     0.3000000E+00     0.2500000E+00     0.2000000E+00     0.1500000E+00     0.1500000E+00     0.1500000E+00     0.1500000E+00
   0.5200000E+02     0.2041795E+12     0.2500000E+09     0.3000000E+00     0.2500000E+00     0.2000000E+00     0.1500000E+00     0.1500000E+00     0.1500000E+00     0.1500000E+00
   0.5300000E+02     0.1934192E+12     0.2500000E+09     0.3000000E+00     0.2500000E+00     0.2000000E+00     0.1500000E+00     0.1500000E+00     0.1500000E+00     0.1500000E+00
   0.5400000E+02     0.2069543E+12     0.2500000E+09     0.3000000E+00     0.2500000E+00     0.2000000E+00     0.1500000E+00     0.1500000E+00     0.1500000E+00     0.1500000E+00
   0.5500000E+02     0.1978184E+12     0.2500000E+09     0.3000000E+00     0.2500000E+00     0.2000000E+00     0.1500000E+00     0.1500000E+00     0.1500000E+00     0.1500000E+00
   0.5600000E+02     0.2076442E+12     0.2500000E+09     0.3000000E+00     0.2500000E+00     0.2000000E+00     0.1500000E+00     0.1500000E+00     0.1500000E+00     0.1500000E+00
   0.5700000E+02     0.2045895E+12     0.2500000E+09     0.3000000E+00     0.2500000E+00     0.2000000E+00     0.1500000E+00     0.1500000E+00     0.1500000E+00     0.1500000E+00
   0.5800000E+02     0.2091739E+12     0.2500000E+09     0.3000000E+00     0.2500000E+00     0.2000000E+00     0.1500000E+00     0.1500000E+00     0.1500000E+00     0.1500000E+00
   0.5900000E+02     0.1989434E+12     0.2500000E+09     0.3000000E+00     0.2500000E+00     0.2000000E+00     0.1500000E+00     0.1500000E+00     0.1500000E+00     0.1500000E+00
   0.6000000E+02     0.1913831E+12     0.2500000E+09     0.3000000E+00     0.2500000E+00     0.2000000E+00     0.1500000E+00     0.1500000E+00     0.1500000E+00     0.1500000E+00
   0.6100000E+02     0.2025719E+12     0.2500000E+09     0.3000000E+00     0.2500000E+00     0.2000000E+00     0.1500000E+00     0.1500000E+00     0.1500000E+00     0.1500000E+00
   0.6200000E+02     0.2014883E+12     0.2500000E+09     0.3000000E+00     0.2500000E+00     0.2000000E+00     0.1500000E+00     0.1500000E+00     0.1500000E+00     0.1500000E+00
   0.6300000E+02     0.1944887E+12     0.2500000E+09     0.3000000E+00     0.2500000E+00     0.2000000E+00     0.1500000E+00     0.1500000E+00     0.1500000E+00     0.1500000E+00
   0.6400000E+02     0.1915895E+12     0.2500000E+09     0.3000000E+00     0.2500000E+00     0.2000000E+00     0.1500000E+00     0.1500000E+00     0.1500000E+00     0.1500000E+00
   0.6500000E+02     0.2072244E+12     0.2500000E+09     0.3000000E+00     0.2500000E+00     0.2000000E+00     0.1500000E+00     0.1500000E+00     0.1500000E+00     0.1500000E+00
   0.6600000E+02     0.1992446E+12     0.2500000E+09     0.3000000E+00     0.2500000E+00     0.2000000E+00     0.1500000E+00     0.1500000E+00     0.1500000E+00     0.1500000E+00
   0.6700000E+02     0.1963112E+12     0.2500000E+09     0.3000000E+00     0.2500000E+00     0.2000000E+00     0.1500000E+00     0.1500000E+00     0.1500000E+00     0.1500000E+00
   0.6800000E+02     0.1995926E+12     0.2500000E+09     0.3000000E+00     0.2500000E+00     0.2000000E+00     0.1500000E+00     0.1500000E+00     0.1500000E+00     0.1500000E+00
   0.6900000E+02     0.1929030E+12     0.2500000E+09     0.3000000E+00     0.2500000E+00     0.2000000E+00     0.1500000E+00     0.1500000E+00     0.1500000E+00     0.1500000E+00
   0.7000000E+02     0.1970041E+12     0.2500000E+09     0.3000000E+00     0.2500000E+00     0.2000000E+00     0.1500000E+00     0.1500000E+00     0.1500000E+00     0.1500000E+00
   0.7100000E+02     0.1984326E+12     0.2500000E+09     0.3000000E+00     0.2500000E+00     0.2000000E+00     0.1500000E+00     0.1500000E+00     0.1500000E+00     0.1500000E+00
   0.7200000E+02     0.2052403E+12     0.2500000E+09     0.3000000E+00     0.2500000E+00     0.2000000E+00     0.1500000E+00     0.1500000E+00     0.1500000E+00     0.1500000E+00
   0.7300000E+02     0.2019989E+12     0.2500000E+09     0.3000000E+00     0.2500000E+00     0.2000000E+00     0.1500000E+00     0.1500000E+00     0.1500000E+00     0.1500000E+00
   0.7400000E+02     0.2061082E+12     0.2500000E+09     0.3000000E+00     0.2500000E+00     0.2000000E+00     0.1500000E+00     0.1500000E+00     0.1500000E+00     0.1500000E+00
   0.7500000E+02     0.2039580E+12     0.2500000E+09     0.3000000E+00     0.2500000E+00     0.2000000E+00     0.1500000E+00     0.1500000E+00     0.1500000E+00     0.1500000E+00
   0.7600000E+02     0.1921268E+12     0.2500000E+09     0.3000000E+00     0.2500000E+00     0.2000000E+00     0.1500000E+00     0.1500000E+00     0.1500000E+00     0.1500000E+00
   0.7700000E+02     0.2003008E+12     0.2500000E+09     0.3000000E+00     0.2500000E+00     0.2000000E+00     0.1500000E+00     0.1500000E+00     0.1500000E+00     0.1500000E+00
   0.7800000E+02     0.1967058E+12     0.2500000E+09     0.3000000E+00     0.2500000E+00     0.2000000E+00     0.1500000E+00     0.1500000E+00     0.1500000E+00     0.1500000E+00
   0.7900000E+02     0.1901263E+12     0.2500000E+09     0.3000000E+00     0.2500000E+00     0.2000000E+00     0.1500000E+00     0.1500000E+00     0.1500000E+00     0.1500000E+00
   0.8000000E+02     0.1945754E+12     0.2500000E+09     0.3000000E+00     0.2500000E+00     0.2000000E+00     0.1500000E+00     0.1500000E+00     0.1500000E+00     0.1500000E+00
