   0.1000000E+01     0.2003695E+12     0.2500000E+09     0.3000000E+00     0.2500000E+00     0.2000000E+00     0.1500000E+00     0.1500000E+00     0.1500000E+00     0.1500000E+00
   0.2000000E+01     0.1979047E+12     0.2500000E+09     0.3000000E+00     0.2500000E+00     0.2000000E+00     0.1500000E+00     0.1500000E+00     0.1500000E+00     0.1500000E+00
   0.3000000E+01     0.1996499E+12     0.2500000E+09     0.3000000E+00     0.2500000E+00     0.2000000E+00     0.1500000E+00     0.1500000E+00     0.1500000E+00     0.1500000E+00
   0.4000000E+01     0.2029109E+12     0.2500000E+09     0.3000000E+00     0.2500000E+00     0.2000000E+00     0.1500000E+00     0.1500000E+00     0.1500000E+00     0.1500000E+00
   0.5000000E+01     0.1970428E+12     0.2500000E+09     0.3000000E+00     0.2500000E+00     0.2000000E+00     0.1500000E+00     0.1500000E+00     0.1500000E+00     0.1500000E+00
   0.6000000E+01     0.2016078E+12     0.2500000E+09     0.3000000E+00     0.2500000E+00     0.2000000E+00     0.1500000E+00     0.1500000E+00     0.1500000E+00     0.1500000E+00
   0.7000000E+01     0.2036186E+12     0.2500000E+09     0.3000000E+00     0.2500000E+00     0.2000000E+00     0.1500000E+00     0.1500000E+00     0.1500000E+00     0.1500000E+00
   0.8000000E+01     0.1905619E+12     0.2500000E+09     0.3000000E+00     0.2500000E+00     0.2000000E+00     0.1500000E+00     0.1500000E+00     0.1500000E+00     0.1500000E+00
   0.9000000E+01     0.2001152E+12     0.2500000E+09     0.3000000E+00     0.2500000E+00     0.2000000E+00     0.1500000E+00     0.1500000E+00     0.1500000E+00     0.1500000E+00
   0.1000000E+02     0.2044601E+12     0.2500000E+09     0.3000000E+00     0.2500000E+00     0.2000000E+00     0.1500000E+00     0.1500000E+00     0.1500000E+00     0.1500000E+00
   0.1100000E+02     0.1969413E+12     0.2500000E+09     0.3000000E+00     0.2500000E+00     0.2000000E+00     0.1500000E+00     0.1500000E+00     0.1500000E+00     0.1500000E+00
   0.1200000E+02     0.1965205E+12     0.2500000E+09     0.3000000E+00     0.2500000E+00     0.2000000E+00     0.1500000E+00     0.1500000E+00     0.1500000E+00     0.1500000E+00
   0.1300000E+02     0.1998854E+12     0.2500000E+09     0.3000000E+00     0.2500000E+00     0.2000000E+00     0.1500000E+00     0.1500000E+00     0.1500000E+00     0.1500000E+00
   0.1400000E+02     0.2085309E+12     0.2500000E+09     0.3000000E+00     0.2500000E+00     0.2000000E+00     0.1500000E+00     0.1500000E+00     0.1500000E+00     0.1500000E+00
   0.1500000E+02     0.2026185E+12     0.2500000E+09     0.3000000E+00     0.2500000E+00     0.2000000E+00     0.1500000E+00     0.1500000E+00     0.1500000E+00     0.1500000E+00
   0.1600000E+02     0.1982841E+12     0.2500000E+09     0.3000000E+00     0.2500000E+00     0.2000000E+00     0.1500000E+00     0.1500000E+00     0.1500000E+00     0.1500000E+00
   0.1700000E+02     0.2032955E+12     0.2500000E+09     0.3000000E+00     0.2500000E+00     0.2000000E+00     0.1500000E+00     0.1500000E+00     0.1500000E+00     0.1500000E+00
   0.1800000E+02     0.1977108E+12     0.2500000E+09     0.3000000E+00     0.2500000E+00     0.2000000E+00     0.1500000E+00     0.1500000E+00     0.1500000E+00     0.1500000E+00
   0.1900000E+02     0.1990439E+12     0.2500000E+09     0.3000000E+00     0.2500000E+00     0.2000000E+00     0.1500000E+00     0.1500000E+00     0.1500000E+00     0.1500000E+00
   0.2000000E+02     0.2052544E+12     0.2500000E+09     0.3000000E+00     0.2500000E+00     0.2000000E+00     0.1500000E+00     0.1500000E+00     0.1500000E+00     0.1500000E+00
   0.2100000E+02     0.2060483E+12     0.2500000E+09     0.3000000E+00     0.2500000E+00     0.2000000E+00     0.1500000E+00     0.1500000E+00     0.1500000E+00     0.1500000E+00
   0.2200000E+02     0.1986437E+12     0.2500000E+09     0.3000000E+00     0.2500000E+00     0.2000000E+00     0.1500000E+00     0.1500000E+00     0.1500000E+00     0.1500000E+00
   0.2300000E+02     0.1959818E+12     0.2500000E+09     0.3000000E+00     0.2500000E+00     0.2000000E+00     0.1500000E+00     0.1500000E+00     0.1500000E+00     0.1500000E+00
   0.2400000E+02     0.1992793E+12     0.2500000E+09     0.3000000E+00     0.2500000E+00     0.2000000E+00     0.1500000E+00     0.1500000E+00     0.1500000E+00     0.1500000E+00
   0.2500000E+02     0.1937596E+12     0.2500000E+09     0.3000000E+00     0.2500000E+00     0.2000000E+00     0.1500000E+00     0.1500000E+00     0.1500000E+00     0.1500000E+00
   0.2600000E+02     0.1973076E+12     0.2500000E+09     0.3000000E+00     0.2500000E+00     0.2000000E+00     0.1500000E+00     0.1500000E+00     0.1500000E+00     0.1500000E+00
   0.2700000E+02     0.2021044E+12     0.2500000E+09     0.3000000E+00     0.2500000E+00     0.2000000E+00     0.1500000E+00     0.1500000E+00     0.1500000E+00     0.1500000E+00
   0.2800000E+02     0.1932533E+12     0.2500000E+09     0.3000000E+00     0.2500000E+00     0.2000000E+00     0.1500000E+00     0.1500000E+00     0.1500000E+00     0.1500000E+00
   0.2900000E+02     0.2015350E+12     0.2500000E+09     0.3000000E+00     0.2500000E+00     0.2000000E+00     0.1500000E+00     0.1500000E+00     0.1500000E+00     0.1500000E+00
   0.3000000E+02     0.2012322E+12     0.2500000E+09     0.3000000E+00     0.2500000E+00     0.2000000E+00     0.1500000E+00     0.1500000E+00     0.1500000E+00     0.1500000E+00
   0.3100000E+02     0.1954356E+12     0.2500000E+09     0.3000000E+00     0.2500000E+00     0.2000000E+00     0.1500000E+00     0.1500000E+00     0.1500000E+00     0.1500000E+00
   0.3200000E+02     0.1987377E+12     0.2500000E+09     0.3000000E+00     0.2500000E+00     0.2000000E+00     0.1500000E+00     0.1500000E+00     0.1500000E+00     0.1500000E+00
   0.3300000E+02     0.1952946E+12     0.2500000E+09     0.3000000E+00     0.2500000E+00     0.2000000E+00     0.1500000E+00     0.1500000E+00     0.1500000E+00     0.1500000E+00
   0.3400000E+02     0.2019946E+12     0.2500000E+09     0.3000000E+00     0.2500000E+00     0.2000000E+00     0.1500000E+00     0.1500000E+00     0.1500000E+00     0.1500000E+00
   0.3500000E+02     0.2070623E+12     0.2500000E+09     0.3000000E+00     0.2500000E+00     0.2000000E+00     0.1500000E+00     0.1500000E+00     0.1500000E+00     0.1500000E+00
   0.3600000E+02     0.1947149E+12     0.2500000E+09     0.3000000E+00     0.2500000E+00     0.2000000E+00     0.1500000E+00     0.1500000E+00     0.1500000E+00     0.1500000E+00
   0.3700000E+02     0.2039530E+12     0.2500000E+09     0.3000000E+00     0.2500000E+00     0.2000000E+00     0.1500000E+00     0.1500000E+00     0.1500000E+00     0.1500000E+00
   0.3800000E+02     0.2005795E+12     0.2500000E+09     0.3000000E+00     0.2500000E+00     0.2000000E+00     0.1500000E+00     0.1500000E+00     0.1500000E+00     0.1500000E+00
   0.3900000E+02     0.2048532E+12     0.2500000E+09     0.3000000E+00     0.2500000E+00     0.2000000E+00     0.1500000E+00     0.1500000E+00     0.1500000E+00     0.1500000E+00
   0.4000000E+02     0.2008291E+12     0.2500000E+09     0.3000000E+00     0.2500000E+00     0.2000000E+00     0.1500000E+00     0.1500000E+00     0.1500000E+00     0.1500000E+00
   0.4100000E+02     0.2035288E+12     0.2500000E+09     0.3000000E+00     0.2500000E+00     0.2000000E+00     0.1500000E+00     0.1500000E+00     0.1500000E+00     0.1500000E+00
   0.4200000E+02     0.1973507E+12     0.2500000E+09     0.3000000E+00     0.2500000E+00     0.2000000E+00     0.1500000E+00     0.1500000E+00     0.1500000E+00     0.1500000E+00
   0.4300000E+02     0.1995182E+12     0.2500000E+09     0.3000000E+00     0.2500000E+00     0.2000000E+00     0.1500000E+00     0.1500000E+00     0.1500000E+00     0.1500000E+00
   0.4400000E+02     0.1983924E+12     0.2500000E+09     0.3000000E+00     0.2500000E+00     0.2000000E+00     0.1500000E+00     0.1500000E+00     0.1500000E+00     0.1500000E+00
   0.4500000E+02     0.2024190E+12     0.2500000E+09     0.3000000E+00     0.2500000E+00     0.2000000E+00     0.1500000E+00     0.1500000E+00     0.1500000E+00     0.1500000E+00
   0.4600000E+02     0.1950462E+12     0.2500000E+09     0.3000000E+00     0.2500000E+00     0.2000000E+00     0.1500000E+00     0.1500000E+00     0.1500000E+00     0.1500000E+00
   0.4700000E+02     0.2047386E+12     0.2500000E+09     0.3000000E+00     0.2500000E+00     0.2000000E+00     0.1500000E+00     0.1500000E+00     0.1500000E+00     0.1500000E+00
   0.4800000E+02     0.1989096E+12     0.2500000E+09     0.3000000E+00     0.2500000E+00     0.2000000E+00     0.1500000E+00     0.1500000E+00     0.1500000E+00     0.1500000E+00
   0.4900000E+02     0.2088792E+12     0.2500000E+09     0.3000000E+00     0.2500000E+00     0.2000000E+00     0.1500000E+00     0.1500000E+00     0.1500000E+00     0.1500000E+00
   0.5000000E+02     0.2033051E+12     0.2500000E+09     0.3000000E+00     0.2500000E+00     0.2000000E+00     0.1500000E+00     0.1500000E+00     0.1500000E+00     0.1500000E+00
   0.5100000E+02     0.2028936E+12     0.2500000E+09     0.3000000E+00     0.2500000E+00     0.2000000E+00     0.1500000E+00     0.1500000E+00     0.1500000E+00     0.1500000E+00
   0.5200000E+02     0.2057542E+12     0.2500000E+09     0.3000000E+00     0.2500000E+00     0.2000000E+00     0.1500000E+00     0.1500000E+00     0.1500000E+00     0.1500000E+00
   0.5300000E+02     0.1965764E+12     0.2500000E+09     0.3000000E+00     0.2500000E+00     0.2000000E+00     0.1500000E+00     0.1500000E+00     0.1500000E+00     0.1500000E+00
   0.5400000E+02     0.2005617E+12     0.2500000E+09     0.3000000E+00     0.2500000E+00     0.2000000E+00     0.1500000E+00     0.1500000E+00     0.1500000E+00     0.1500000E+00
   0.5500000E+02     0.1956260E+12     0.2500000E+09     0.3000000E+00     0.2500000E+00     0.2000000E+00     0.1500000E+00     0.1500000E+00     0.1500000E+00     0.1500000E+00
   0.5600000E+02     0.2008386E+12     0.2500000E+09     0.3000000E+00     0.2500000E+00     0.2000000E+00     0.1500000E+00     0.1500000E+00     0.1500000E+00     0.1500000E+00
   0.5700000E+02     0.1972804E+12     0.2500000E+09     0.3000000E+00     0.2500000E+00     0.2000000E+00     0.1500000E+00     0.1500000E+00     0.1500000E+00     0.1500000E+00
   0.5800000E+02     0.1891265E+12     0.2500000E+09     0.3000000E+00     0.2500000E+00     0.2000000E+00     0.1500000E+00     0.1500000E+00     0.1500000E+00     0.1500000E+00
   0.5900000E+02     0.2022755E+12     0.2500000E+09     0.3000000E+00     0.2500000E+00     0.2000000E+00     0.1500000E+00     0.1500000E+00     0.1500000E+00     0.1500000E+00
   0.6000000E+02     0.2065256E+12     0.2500000E+09     0.3000000E+00     0.2500000E+00     0.2000000E+00     0.1500000E+00     0.1500000E+00     0.1500000E+00     0.1500000E+00
   0.6100000E+02     0.1991205E+12     0.2500000E+09     0.3000000E+00     0.2500000E+00     0.2000000E+00     0.1500000E+00     0.1500000E+00     0.1500000E+00     0.1500000E+00
   0.6200000E+02     0.2038091E+12     0.2500000E+09     0.3000000E+00     0.2500000E+00     0.2000000E+00     0.1500000E+00     0.1500000E+00     0.1500000E+00     0.1500000E+00
   0.6300000E+02     0.1993677E+12     0.2500000E+09     0.3000000E+00     0.2500000E+00     0.2000000E+00     0.1500000E+00     0.1500000E+00     0.1500000E+00     0.1500000E+00
   0.6400000E+02     0.1987185E+12     0.2500000E+09     0.3000000E+00     0.2500000E+00     0.2000000E+00     0.1500000E+00     0.1500000E+00     0.1500000E+00     0.1500000E+00
   0.6500000E+02     0.2002913E+12     0.2500000E+09     0.3000000E+00     0.2500000E+00     0.2000000E+00     0.1500000E+00     0.1500000E+00     0.1500000E+00     0.1500000E+00
   0.6600000E+02     0.1978586E+12     0.2500000E+09     0.3000000E+00     0.2500000E+00     0.2000000E+00     0.1500000E+00     0.1500000E+00     0.1500000E+00     0.1500000E+00
   0.6700000E+02     0.2010244E+12     0.2500000E+09     0.3000000E+00     0.2500000E+00     0.2000000E+00     0.1500000E+00     0.1500000E+00     0.1500000E+00     0.1500000E+00
   0.6800000E+02     0.1999927E+12     0.2500000E+09     0.3000000E+00     0.2500000E+00     0.2000000E+00     0.1500000E+00     0.1500000E+00     0.1500000E+00     0.1500000E+00
   0.6900000E+02     0.1947464E+12     0.2500000E+09     0.3000000E+00     0.2500000E+00     0.2000000E+00     0.1500000E+00     0.1500000E+00     0.1500000E+00     0.1500000E+00
   0.7000000E+02     0.2066571E+12     0.2500000E+09     0.3000000E+00     0.2500000E+00     0.2000000E+00     0.1500000E+00     0.1500000E+00     0.1500000E+00     0.1500000E+00
   0.7100000E+02     0.2020053E+12     0.2500000E+09     0.3000000E+00     0.2500000E+00     0.2000000E+00     0.1500000E+00     0.1500000E+00     0.1500000E+00     0.1500000E+00
   0.7200000E+02     0.2015415E+12     0.2500000E+09     0.3000000E+00     0.2500000E+00     0.2000000E+00     0.1500000E+00     0.1500000E+00     0.1500000E+00     0.1500000E+00
   0.7300000E+02     0.1980290E+12     0.2500000E+09     0.3000000E+00     0.2500000E+00     0.2000000E+00     0.1500000E+00     0.1500000E+00     0.1500000E+00     0.1500000E+00
   0.7400000E+02     0.1937629E+12     0.2500000E+09     0.3000000E+00     0.2500000E+00     0.2000000E+00     0.1500000E+00     0.1500000E+00     0.1500000E+00     0.1500000E+00
   0.7500000E+02     0.2001642E+12     0.2500000E+09     0.3000000E+00     0.2500000E+00     0.2000000E+00     0.1500000E+00     0.1500000E+00     0.1500000E+00     0.1500000E+00
   0.7600000E+02     0.2041945E+12     0.2500000E+09     0.3000000E+00     0.2500000E+00     0.2000000E+00     0.1500000E+00     0.1500000E+00     0.1500000E+00     0.1500000E+00
   0.7700000E+02     0.1933082E+12     0.2500000E+09     0.3000000E+00     0.2500000E+00     0.2000000E+00     0.1500000E+00     0.1500000E+00     0.1500000E+00     0.1500000E+00
   0.7800000E+02     0.2014959E+12     0.2500000E+09     0.3000000E+00     0.2500000E+00     0.2000000E+00     0.1500000E+00     0.1500000E+00     0.1500000E+00     0.1500000E+00
