   1.9354475e+11
   2.0242295e+11
   1.9512648e+11
   1.9240200e+11
   1.9778338e+11
   2.0451393e+11
   1.9370643e+11
   2.0633543e+11
   1.9205066e+11
   1.9887723e+11
   1.9028612e+11
   1.9705194e+11
   1.9145450e+11
   2.0489814e+11
   2.0347783e+11
   2.0083237e+11
   1.9848044e+11
   2.0731055e+11
   2.0549015e+11
   2.0195182e+11
   2.0765969e+11
   2.0014751e+11
   1.9528161e+11
   1.9306362e+11
   1.9444576e+11
   2.0280752e+11
   2.0644403e+11
   2.0075873e+11
   2.0370313e+11
   2.0206042e+11
   1.9825868e+11
   1.9937960e+11
   1.9099456e+11
   2.0133819e+11
   1.9428549e+11
   1.9194752e+11
   2.0859451e+11
   1.9733259e+11
   2.0802873e+11
   2.0987238e+11
   1.9992413e+11
   1.9067554e+11
   2.0578444e+11
   1.9677118e+11
   2.0906413e+11
   2.0706467e+11
   1.9622019e+11
   2.0942673e+11
   2.0400893e+11
   1.9590004e+11
