   0.0000000e+00
   1.5721094e-04
   6.2853316e-04
   1.4130353e-03
   2.5091666e-03
   3.9147593e-03
   5.6270317e-03
   7.6425923e-03
   9.9574452e-03
   1.2566995e-02
   1.5466056e-02
   1.8648856e-02
   2.2109048e-02
   2.5839720e-02
   2.9833402e-02
   3.4082081e-02
   3.8577209e-02
   4.3309721e-02
   4.8270041e-02
   5.3448104e-02
   5.8833368e-02
   6.4414826e-02
   7.0181030e-02
   7.6120100e-02
   8.2219751e-02
   8.8467302e-02
   9.4849701e-02
   1.0135354e-01
   1.0796510e-01
   1.1467030e-01
   1.2145483e-01
   1.2830407e-01
   1.3520317e-01
   1.4213704e-01
   1.4909042e-01
   1.5604784e-01
   1.6299370e-01
   1.6991226e-01
   1.7678767e-01
   1.8360400e-01
   1.9034529e-01
   1.9699551e-01
   2.0353866e-01
   2.0995873e-01
   2.1623977e-01
   2.2236590e-01
   2.2832132e-01
   2.3409038e-01
   2.3965754e-01
   2.4500746e-01
   2.5012499e-01
   2.5499517e-01
   2.5960332e-01
   2.6393502e-01
   2.6797614e-01
   2.7171286e-01
   2.7513171e-01
   2.7821958e-01
   2.8096374e-01
   2.8335188e-01
   2.8537210e-01
   2.8701296e-01
   2.8826351e-01
   2.8911326e-01
   2.8955225e-01
   2.8957103e-01
   2.8916073e-01
   2.8831302e-01
   2.8702015e-01
   2.8527498e-01
   2.8307099e-01
   2.8040227e-01
   2.7726356e-01
   2.7365026e-01
   2.6955843e-01
   2.6498480e-01
   2.5992682e-01
   2.5438260e-01
   2.4835098e-01
   2.4183151e-01
   2.3482447e-01
   2.2733084e-01
   2.1935237e-01
   2.1089151e-01
   2.0195147e-01
   1.9253620e-01
   1.8265039e-01
   1.7229947e-01
   1.6148961e-01
   1.5022771e-01
   1.3852143e-01
   1.2637914e-01
   1.1380994e-01
   1.0082365e-01
   8.7430811e-02
   7.3642664e-02
   5.9471145e-02
   4.4928874e-02
   3.0029148e-02
   1.4785926e-02
  -7.8618383e-04
  -1.6671939e-02
  -3.2855475e-02
  -4.9320324e-02
  -6.6049429e-02
  -8.3025163e-02
  -1.0022935e-01
  -1.1764328e-01
  -1.3524772e-01
  -1.5302297e-01
  -1.7094884e-01
  -1.8900470e-01
  -2.0716949e-01
  -2.2542177e-01
  -2.4373970e-01
  -2.6210110e-01
  -2.8048348e-01
  -2.9886403e-01
  -3.1721968e-01
  -3.3552713e-01
  -3.5376284e-01
  -3.7190310e-01
  -3.8992405e-01
  -4.0780169e-01
  -4.2551192e-01
  -4.4303058e-01
  -4.6033349e-01
  -4.7739643e-01
  -4.9419522e-01
  -5.1070575e-01
  -5.2690397e-01
  -5.4276598e-01
  -5.5826800e-01
  -5.7338645e-01
  -5.8809796e-01
  -6.0237940e-01
  -6.1620792e-01
  -6.2956098e-01
  -6.4241636e-01
  -6.5475223e-01
  -6.6654716e-01
  -6.7778012e-01
  -6.8843059e-01
  -6.9847849e-01
  -7.0790428e-01
  -7.1668898e-01
  -7.2481416e-01
  -7.3226202e-01
  -7.3901536e-01
  -7.4505767e-01
  -7.5037310e-01
  -7.5494652e-01
  -7.5876354e-01
  -7.6181050e-01
  -7.6407455e-01
  -7.6554364e-01
  -7.6620653e-01
  -7.6605283e-01
  -7.6507303e-01
  -7.6325849e-01
  -7.6060148e-01
  -7.5709518e-01
  -7.5273372e-01
  -7.4751217e-01
  -7.4142656e-01
  -7.3447392e-01
  -7.2665224e-01
  -7.1796054e-01
  -7.0839882e-01
  -6.9796812e-01
  -6.8667051e-01
  -6.7450906e-01
  -6.6148790e-01
  -6.4761222e-01
  -6.3288820e-01
  -6.1732312e-01
  -6.0092526e-01
  -5.8370396e-01
  -5.6566962e-01
  -5.4683365e-01
  -5.2720849e-01
  -5.0680763e-01
  -4.8564555e-01
  -4.6373777e-01
  -4.4110078e-01
  -4.1775207e-01
  -3.9371012e-01
  -3.6899434e-01
  -3.4362512e-01
  -3.1762376e-01
  -2.9101248e-01
  -2.6381440e-01
  -2.3605350e-01
  -2.0775464e-01
  -1.7894349e-01
  -1.4964653e-01
  -1.1989104e-01
  -8.9705059e-02
  -5.9117341e-02
  -2.8157361e-02
   3.1447314e-03
   3.4758137e-02
   6.6651440e-02
   9.8792638e-02
   1.3114917e-01
   1.6368796e-01
   1.9637544e-01
   2.2917759e-01
   2.6205997e-01
   2.9498775e-01
   3.2792577e-01
   3.6083855e-01
   3.9369035e-01
   4.2644520e-01
   4.5906691e-01
   4.9151917e-01
   5.2376555e-01
   5.5576953e-01
   5.8749457e-01
   6.1890414e-01
   6.4996176e-01
   6.8063104e-01
   7.1087572e-01
   7.4065970e-01
   7.6994714e-01
   7.9870242e-01
   8.2689023e-01
   8.5447560e-01
   8.8142395e-01
   9.0770112e-01
   9.3327342e-01
   9.5810767e-01
   9.8217121e-01
   1.0054320e+00
   1.0278586e+00
   1.0494203e+00
   1.0700871e+00
   1.0898295e+00
   1.1086191e+00
   1.1264282e+00
   1.1432300e+00
   1.1589984e+00
   1.1737084e+00
   1.1873361e+00
   1.1998582e+00
   1.2112527e+00
   1.2214987e+00
   1.2305762e+00
   1.2384664e+00
   1.2451517e+00
   1.2506157e+00
   1.2548429e+00
   1.2578194e+00
   1.2595324e+00
   1.2599702e+00
   1.2591228e+00
   1.2569810e+00
   1.2535374e+00
   1.2487856e+00
   1.2427208e+00
   1.2353393e+00
   1.2266392e+00
   1.2166195e+00
   1.2052811e+00
   1.1926259e+00
   1.1786575e+00
   1.1633809e+00
   1.1468023e+00
   1.1289297e+00
   1.1097723e+00
   1.0893407e+00
   1.0676471e+00
   1.0447051e+00
   1.0205295e+00
   9.9513692e-01
   9.6854502e-01
   9.4077303e-01
   9.1184155e-01
   8.8177253e-01
   8.5058931e-01
   8.1831653e-01
   7.8498018e-01
   7.5060754e-01
   7.1522718e-01
   6.7886893e-01
   6.4156385e-01
   6.0334419e-01
   5.6424342e-01
   5.2429612e-01
   4.8353803e-01
   4.4200595e-01
   3.9973776e-01
   3.5677234e-01
   3.1314958e-01
   2.6891031e-01
   2.2409627e-01
   1.7875008e-01
   1.3291518e-01
   8.6635822e-02
   3.9956986e-02
  -7.0756311e-03
  -5.4415677e-02
  -1.0201618e-01
  -1.4982962e-01
  -1.9780792e-01
  -2.4590257e-01
  -2.9406461e-01
  -3.4224471e-01
  -3.9039324e-01
  -4.3846028e-01
  -4.8639568e-01
  -5.3414915e-01
  -5.8167026e-01
  -6.2890852e-01
  -6.7581345e-01
  -7.2233460e-01
  -7.6842163e-01
  -8.1402432e-01
  -8.5909271e-01
  -9.0357706e-01
  -9.4742795e-01
  -9.9059636e-01
  -1.0330336e+00
  -1.0746917e+00
  -1.1155229e+00
  -1.1554802e+00
  -1.1945172e+00
  -1.2325883e+00
  -1.2696484e+00
  -1.3056535e+00
  -1.3405602e+00
  -1.3743261e+00
  -1.4069097e+00
  -1.4382705e+00
  -1.4683692e+00
  -1.4971673e+00
  -1.5246278e+00
  -1.5507144e+00
  -1.5753925e+00
  -1.5986285e+00
  -1.6203902e+00
  -1.6406467e+00
  -1.6593686e+00
  -1.6765279e+00
  -1.6920978e+00
  -1.7060535e+00
  -1.7183713e+00
  -1.7290293e+00
  -1.7380071e+00
  -1.7452860e+00
  -1.7508490e+00
  -1.7546806e+00
  -1.7567672e+00
  -1.7570969e+00
  -1.7556595e+00
  -1.7524466e+00
  -1.7474516e+00
  -1.7406697e+00
  -1.7320979e+00
  -1.7217352e+00
  -1.7095822e+00
  -1.6956414e+00
  -1.6799175e+00
  -1.6624166e+00
  -1.6431469e+00
  -1.6221185e+00
  -1.5993434e+00
  -1.5748352e+00
  -1.5486097e+00
  -1.5206844e+00
  -1.4910786e+00
  -1.4598136e+00
  -1.4269122e+00
  -1.3923995e+00
  -1.3563019e+00
  -1.3186479e+00
  -1.2794676e+00
  -1.2387929e+00
  -1.1966574e+00
  -1.1530962e+00
  -1.1081464e+00
  -1.0618464e+00
  -1.0142364e+00
  -9.6535788e-01
  -9.1525417e-01
  -8.6396986e-01
  -8.1155106e-01
  -7.5804525e-01
  -7.0350128e-01
  -6.4796930e-01
  -5.9150073e-01
  -5.3414821e-01
  -4.7596556e-01
  -4.1700769e-01
  -3.5733061e-01
  -2.9699133e-01
  -2.3604780e-01
  -1.7455892e-01
  -1.1258438e-01
  -5.0184707e-02
   1.2578864e-02
   7.5644424e-02
   1.3894946e-01
   2.0243089e-01
   2.6602519e-01
   3.2966838e-01
   3.9329613e-01
   4.5684382e-01
   5.2024662e-01
   5.8343952e-01
   6.4635743e-01
   7.0893522e-01
   7.7110782e-01
   8.3281025e-01
   8.9397772e-01
   9.5454569e-01
   1.0144499e+00
   1.0736265e+00
   1.1320121e+00
   1.1895438e+00
   1.2461592e+00
   1.3017968e+00
   1.3563955e+00
   1.4098952e+00
   1.4622366e+00
   1.5133612e+00
   1.5632117e+00
   1.6117316e+00
   1.6588658e+00
   1.7045599e+00
   1.7487612e+00
   1.7914181e+00
   1.8324802e+00
   1.8718988e+00
   1.9096264e+00
   1.9456171e+00
   1.9798266e+00
   2.0122123e+00
   2.0427330e+00
   2.0713496e+00
   2.0980243e+00
   2.1227216e+00
   2.1454076e+00
   2.1660502e+00
   2.1846196e+00
   2.2010876e+00
   2.2154282e+00
   2.2276175e+00
   2.2376335e+00
   2.2454567e+00
   2.2510693e+00
   2.2544559e+00
   2.2556033e+00
   2.2545005e+00
   2.2511387e+00
   2.2455115e+00
   2.2376146e+00
   2.2274461e+00
   2.2150063e+00
   2.2002981e+00
   2.1833264e+00
   2.1640985e+00
   2.1426242e+00
   2.1189153e+00
   2.0929863e+00
   2.0648537e+00
   2.0345365e+00
   2.0020560e+00
   1.9674357e+00
   1.9307015e+00
   1.8918813e+00
   1.8510054e+00
   1.8081065e+00
   1.7632192e+00
   1.7163804e+00
   1.6676292e+00
   1.6170065e+00
   1.5645556e+00
   1.5103218e+00
   1.4543522e+00
   1.3966960e+00
   1.3374043e+00
   1.2765300e+00
   1.2141280e+00
   1.1502547e+00
   1.0849685e+00
   1.0183292e+00
   9.5039840e-01
   8.8123924e-01
   8.1091632e-01
   7.3949568e-01
   6.6704474e-01
   5.9363225e-01
   5.1932818e-01
   4.4420372e-01
   3.6833114e-01
   2.9178378e-01
   2.1463593e-01
   1.3696281e-01
   5.8840434e-02
  -1.9654402e-02
  -9.8444233e-02
  -1.7745099e-01
  -2.5659609e-01
  -3.3580049e-01
  -4.1498478e-01
  -4.9406928e-01
  -5.7297407e-01
  -6.5161914e-01
  -7.2992440e-01
  -8.0780982e-01
  -8.8519548e-01
  -9.6200164e-01
  -1.0381489e+00
  -1.1135581e+00
  -1.1881507e+00
  -1.2618486e+00
  -1.3345742e+00
  -1.4062507e+00
  -1.4768022e+00
  -1.5461533e+00
  -1.6142300e+00
  -1.6809588e+00
  -1.7462677e+00
  -1.8100856e+00
  -1.8723429e+00
  -1.9329710e+00
  -1.9919029e+00
  -2.0490731e+00
  -2.1044175e+00
  -2.1578736e+00
  -2.2093807e+00
  -2.2588798e+00
  -2.3063136e+00
  -2.3516269e+00
  -2.3947663e+00
  -2.4356804e+00
  -2.4743198e+00
  -2.5106373e+00
  -2.5445879e+00
  -2.5761288e+00
  -2.6052195e+00
  -2.6318217e+00
  -2.6558996e+00
  -2.6774198e+00
  -2.6963513e+00
  -2.7126657e+00
  -2.7263371e+00
  -2.7373422e+00
  -2.7456601e+00
  -2.7512729e+00
  -2.7541651e+00
  -2.7543239e+00
  -2.7517393e+00
  -2.7464041e+00
  -2.7383137e+00
  -2.7274663e+00
  -2.7138629e+00
  -2.6975073e+00
  -2.6784061e+00
  -2.6565686e+00
  -2.6320069e+00
  -2.6047361e+00
  -2.5747738e+00
  -2.5421406e+00
  -2.5068597e+00
  -2.4689571e+00
  -2.4284616e+00
  -2.3854046e+00
  -2.3398204e+00
  -2.2917456e+00
  -2.2412199e+00
  -2.1882851e+00
  -2.1329861e+00
  -2.0753699e+00
  -2.0154862e+00
  -1.9533871e+00
  -1.8891273e+00
  -1.8227635e+00
  -1.7543549e+00
  -1.6839631e+00
  -1.6116518e+00
  -1.5374866e+00
  -1.4615357e+00
  -1.3838688e+00
  -1.3045580e+00
  -1.2236770e+00
  -1.1413014e+00
  -1.0575087e+00
  -9.7237788e-01
  -8.8598970e-01
  -7.9842635e-01
  -7.0977152e-01
  -6.2011028e-01
  -5.2952897e-01
  -4.3811517e-01
  -3.4595758e-01
  -2.5314593e-01
  -1.5977091e-01
  -6.5924084e-02
   2.8302210e-02
   1.2281495e-01
   2.1752053e-01
   3.1232483e-01
   4.0713332e-01
   5.0185117e-01
   5.9638334e-01
   6.9063463e-01
   7.8450985e-01
   8.7791385e-01
   9.7075169e-01
   1.0629286e+00
   1.1543503e+00
   1.2449229e+00
   1.3345530e+00
   1.4231480e+00
   1.5106158e+00
   1.5968654e+00
   1.6818065e+00
   1.7653501e+00
   1.8474081e+00
   1.9278937e+00
   2.0067213e+00
   2.0838068e+00
   2.1590676e+00
   2.2324226e+00
   2.3037924e+00
   2.3730993e+00
   2.4402675e+00
   2.5052231e+00
   2.5678941e+00
   2.6282107e+00
   2.6861051e+00
   2.7415118e+00
   2.7943676e+00
   2.8446116e+00
   2.8921855e+00
   2.9370334e+00
   2.9791018e+00
   3.0183400e+00
   3.0547001e+00
   3.0881367e+00
   3.1186073e+00
   3.1460722e+00
   3.1704948e+00
   3.1918411e+00
   3.2100803e+00
   3.2251846e+00
   3.2371293e+00
   3.2458926e+00
   3.2514562e+00
   3.2538045e+00
   3.2529254e+00
   3.2488098e+00
   3.2414521e+00
   3.2308497e+00
   3.2170032e+00
   3.1999167e+00
   3.1795973e+00
   3.1560555e+00
   3.1293052e+00
   3.0993632e+00
   3.0662499e+00
   3.0299888e+00
   2.9906066e+00
   2.9481332e+00
   2.9026019e+00
   2.8540487e+00
   2.8025133e+00
   2.7480381e+00
   2.6906688e+00
   2.6304539e+00
   2.5674452e+00
   2.5016973e+00
   2.4332675e+00
   2.3622164e+00
   2.2886071e+00
   2.2125054e+00
   2.1339800e+00
   2.0531022e+00
   1.9699457e+00
   1.8845868e+00
   1.7971042e+00
   1.7075791e+00
   1.6160948e+00
   1.5227368e+00
   1.4275929e+00
   1.3307529e+00
   1.2323083e+00
   1.1323528e+00
   1.0309817e+00
   9.2829204e-01
   8.2438250e-01
   7.1935321e-01
   6.1330572e-01
   5.0634288e-01
   3.9856878e-01
   2.9008858e-01
   1.8100849e-01
   7.1435584e-02
  -3.8522246e-02
  -1.4875642e-01
  -2.5915779e-01
  -3.6961671e-01
  -4.8002317e-01
  -5.9026693e-01
  -7.0023756e-01
  -8.0982464e-01
  -9.1891778e-01
  -1.0274068e+00
  -1.1351818e+00
  -1.2421334e+00
  -1.3481525e+00
  -1.4531309e+00
  -1.5569608e+00
  -1.6595357e+00
  -1.7607498e+00
  -1.8604982e+00
  -1.9586776e+00
  -2.0551856e+00
  -2.1499213e+00
  -2.2427855e+00
  -2.3336804e+00
  -2.4225099e+00
  -2.5091798e+00
  -2.5935976e+00
  -2.6756731e+00
  -2.7553180e+00
  -2.8324462e+00
  -2.9069740e+00
  -2.9788200e+00
  -3.0479051e+00
  -3.1141531e+00
  -3.1774901e+00
  -3.2378450e+00
  -3.2951497e+00
  -3.3493388e+00
  -3.4003497e+00
  -3.4481230e+00
  -3.4926024e+00
  -3.5337347e+00
  -3.5714698e+00
  -3.6057609e+00
  -3.6365646e+00
  -3.6638409e+00
  -3.6875532e+00
  -3.7076681e+00
  -3.7241561e+00
  -3.7369911e+00
  -3.7461505e+00
  -3.7516153e+00
  -3.7533704e+00
  -3.7514040e+00
  -3.7457083e+00
  -3.7362790e+00
  -3.7231157e+00
  -3.7062216e+00
  -3.6856037e+00
  -3.6612726e+00
  -3.6332428e+00
  -3.6015326e+00
  -3.5661639e+00
  -3.5271622e+00
  -3.4845568e+00
  -3.4383809e+00
  -3.3886711e+00
  -3.3354676e+00
  -3.2788143e+00
  -3.2187586e+00
  -3.1553516e+00
  -3.0886477e+00
  -3.0187047e+00
  -2.9455840e+00
  -2.8693500e+00
  -2.7900708e+00
  -2.7078173e+00
  -2.6226638e+00
  -2.5346876e+00
  -2.4439692e+00
  -2.3505917e+00
  -2.2546414e+00
  -2.1562072e+00
  -2.0553808e+00
  -1.9522563e+00
  -1.8469308e+00
  -1.7395033e+00
  -1.6300755e+00
  -1.5187513e+00
  -1.4056367e+00
  -1.2908398e+00
  -1.1744705e+00
  -1.0566408e+00
  -9.3746432e-01
  -8.1705623e-01
  -6.9553331e-01
  -5.7301373e-01
  -4.4961696e-01
  -3.2546361e-01
  -2.0067537e-01
  -7.5374868e-02
   5.0314460e-02
   1.7626848e-01
   3.0236249e-01
   4.2847133e-01
   5.5446953e-01
   6.8023141e-01
   8.0563121e-01
   9.3054324e-01
   1.0548420e+00
   1.1784022e+00
   1.3010991e+00
   1.4228084e+00
   1.5434067e+00
   1.6627712e+00
   1.7807799e+00
   1.8973123e+00
   2.0122487e+00
   2.1254708e+00
   2.2368618e+00
   2.3463063e+00
   2.4536908e+00
   2.5589033e+00
   2.6618339e+00
   2.7623746e+00
   2.8604196e+00
   2.9558653e+00
   3.0486104e+00
   3.1385562e+00
   3.2256063e+00
   3.3096671e+00
   3.3906480e+00
   3.4684608e+00
   3.5430205e+00
   3.6142452e+00
   3.6820561e+00
   3.7463773e+00
   3.8071368e+00
   3.8642654e+00
   3.9176976e+00
   3.9673716e+00
   4.0132290e+00
   4.0552150e+00
   4.0932788e+00
   4.1273731e+00
   4.1574546e+00
   4.1834839e+00
   4.2054256e+00
   4.2232481e+00
   4.2369240e+00
   4.2464299e+00
   4.2517467e+00
   4.2528591e+00
   4.2497561e+00
   4.2424310e+00
   4.2308812e+00
   4.2151082e+00
   4.1951179e+00
   4.1709203e+00
   4.1425297e+00
   4.1099646e+00
   4.0732475e+00
   4.0324054e+00
   3.9874694e+00
   3.9384745e+00
   3.8854602e+00
   3.8284699e+00
   3.7675510e+00
   3.7027551e+00
   3.6341375e+00
   3.5617579e+00
   3.4856795e+00
   3.4059694e+00
   3.3226986e+00
   3.2359416e+00
   3.1457768e+00
   3.0522861e+00
   2.9555548e+00
   2.8556716e+00
   2.7527286e+00
   2.6468214e+00
   2.5380483e+00
   2.4265112e+00
   2.3123144e+00
   2.1955656e+00
   2.0763751e+00
   1.9548557e+00
   1.8311232e+00
   1.7052953e+00
   1.5774927e+00
   1.4478377e+00
   1.3164551e+00
   1.1834717e+00
   1.0490161e+00
   9.1321857e-01
   7.7621111e-01
   6.3812721e-01
   4.9910172e-01
   3.5927071e-01
   2.1877138e-01
   7.7741878e-02
  -6.3678793e-02
  -2.0535095e-01
  -3.4713434e-01
  -4.8888830e-01
  -6.3047188e-01
  -7.7174398e-01
  -9.1256353e-01
  -1.0527896e+00
  -1.1922814e+00
  -1.3308989e+00
  -1.4685022e+00
  -1.6049525e+00
  -1.7401116e+00
  -1.8738423e+00
  -2.0060087e+00
  -2.1364759e+00
  -2.2651107e+00
  -2.3917811e+00
  -2.5163571e+00
  -2.6387103e+00
  -2.7587142e+00
  -2.8762446e+00
  -2.9911793e+00
  -3.1033984e+00
  -3.2127846e+00
  -3.3192230e+00
  -3.4226016e+00
  -3.5228110e+00
  -3.6197447e+00
  -3.7132995e+00
  -3.8033752e+00
  -3.8898747e+00
  -3.9727044e+00
  -4.0517741e+00
  -4.1269974e+00
  -4.1982911e+00
  -4.2655761e+00
  -4.3287769e+00
  -4.3878221e+00
  -4.4426441e+00
  -4.4931795e+00
  -4.5393690e+00
  -4.5811574e+00
  -4.6184940e+00
  -4.6513321e+00
  -4.6796297e+00
  -4.7033489e+00
  -4.7224567e+00
  -4.7369242e+00
  -4.7467273e+00
  -4.7518465e+00
  -4.7522668e+00
  -4.7479780e+00
  -4.7389743e+00
  -4.7252549e+00
  -4.7068234e+00
  -4.6836885e+00
  -4.6558631e+00
  -4.6233651e+00
  -4.5862171e+00
  -4.5444463e+00
  -4.4980844e+00
  -4.4471682e+00
  -4.3917385e+00
  -4.3318412e+00
  -4.2675265e+00
  -4.1988490e+00
  -4.1258679e+00
  -4.0486469e+00
  -3.9672539e+00
  -3.8817611e+00
  -3.7922450e+00
  -3.6987862e+00
  -3.6014693e+00
  -3.5003832e+00
  -3.3956204e+00
  -3.2872775e+00
  -3.1754547e+00
  -3.0602560e+00
  -2.9417889e+00
  -2.8201643e+00
  -2.6954965e+00
  -2.5679032e+00
  -2.4375051e+00
  -2.3044260e+00
  -2.1687926e+00
  -2.0307344e+00
  -1.8903836e+00
  -1.7478748e+00
  -1.6033453e+00
  -1.4569344e+00
  -1.3087838e+00
  -1.1590370e+00
  -1.0078395e+00
  -8.5533849e-01
  -7.0168280e-01
  -5.4702265e-01
  -3.9150960e-01
  -2.3529634e-01
  -7.8536564e-02
   7.8615179e-02
   2.3600364e-01
   3.9347304e-01
   5.5086719e-01
   7.0802968e-01
   8.6480401e-01
   1.0210338e+00
   1.1765628e+00
   1.3312352e+00
   1.4848958e+00
   1.6373900e+00
   1.7885642e+00
   1.9382656e+00
   2.0863428e+00
   2.2326454e+00
   2.3770248e+00
   2.5193339e+00
   2.6594272e+00
   2.7971615e+00
   2.9323953e+00
   3.0649894e+00
   3.1948072e+00
   3.3217142e+00
   3.4455788e+00
   3.5662721e+00
   3.6836681e+00
   3.7976439e+00
   3.9080796e+00
   4.0148588e+00
   4.1178682e+00
   4.2169985e+00
   4.3121436e+00
   4.4032013e+00
   4.4900735e+00
   4.5726656e+00
   4.6508876e+00
   4.7246533e+00
   4.7938809e+00
   4.8584929e+00
   4.9184163e+00
   4.9735827e+00
   5.0239280e+00
   5.0693932e+00
   5.1099237e+00
   5.1454698e+00
   5.1759867e+00
   5.2014345e+00
   5.2217783e+00
   5.2369881e+00
   5.2470390e+00
   5.2519112e+00
   5.2515900e+00
   5.2460659e+00
   5.2353345e+00
   5.2193965e+00
   5.1982578e+00
   5.1719296e+00
   5.1404282e+00
   5.1037751e+00
   5.0619969e+00
   5.0151254e+00
   4.9631975e+00
   4.9062551e+00
   4.8443455e+00
   4.7775205e+00
   4.7058375e+00
   4.6293582e+00
   4.5481497e+00
   4.4622837e+00
   4.3718366e+00
   4.2768897e+00
   4.1775287e+00
   4.0738440e+00
   3.9659304e+00
   3.8538871e+00
   3.7378176e+00
   3.6178296e+00
   3.4940348e+00
   3.3665491e+00
   3.2354920e+00
   3.1009870e+00
   2.9631612e+00
   2.8221452e+00
   2.6780730e+00
   2.5310818e+00
   2.3813122e+00
   2.2289077e+00
   2.0740146e+00
   1.9167819e+00
   1.7573614e+00
   1.5959073e+00
   1.4325760e+00
   1.2675261e+00
   1.1009183e+00
   9.3291483e-01
   7.6367998e-01
   5.9337938e-01
   4.2218001e-01
   2.5025010e-01
   7.7758882e-02
  -9.5123544e-02
  -2.6822638e-01
  -4.4137828e-01
  -6.1440758e-01
  -7.8714239e-01
  -9.5941082e-01
  -1.1310411e+00
  -1.3018619e+00
  -1.4717022e+00
  -1.6403918e+00
  -1.8077613e+00
  -1.9736423e+00
  -2.1378675e+00
  -2.3002710e+00
  -2.4606885e+00
  -2.6189573e+00
  -2.7749165e+00
  -2.9284073e+00
  -3.0792729e+00
  -3.2273592e+00
  -3.3725142e+00
  -3.5145886e+00
  -3.6534361e+00
  -3.7889132e+00
  -3.9208795e+00
  -4.0491979e+00
  -4.1737345e+00
  -4.2943593e+00
  -4.4109454e+00
  -4.5233703e+00
  -4.6315149e+00
  -4.7352645e+00
  -4.8345083e+00
  -4.9291400e+00
  -5.0190576e+00
  -5.1041636e+00
  -5.1843651e+00
  -5.2595739e+00
  -5.3297066e+00
  -5.3946848e+00
  -5.4544349e+00
  -5.5088886e+00
  -5.5579825e+00
  -5.6016586e+00
  -5.6398641e+00
  -5.6725514e+00
  -5.6996787e+00
  -5.7212092e+00
  -5.7371119e+00
  -5.7473611e+00
  -5.7519369e+00
  -5.7508249e+00
  -5.7440162e+00
  -5.7315079e+00
  -5.7133023e+00
  -5.6894076e+00
  -5.6598378e+00
  -5.6246123e+00
  -5.5837563e+00
  -5.5373005e+00
  -5.4852814e+00
  -5.4277410e+00
  -5.3647268e+00
  -5.2962919e+00
  -5.2224949e+00
  -5.1433997e+00
  -5.0590756e+00
  -4.9695973e+00
  -4.8750448e+00
  -4.7755030e+00
  -4.6710622e+00
  -4.5618175e+00
  -4.4478692e+00
  -4.3293221e+00
  -4.2062859e+00
  -4.0788751e+00
  -3.9472084e+00
  -3.8114094e+00
  -3.6716055e+00
  -3.5279286e+00
  -3.3805146e+00
  -3.2295034e+00
  -3.0750385e+00
  -2.9172674e+00
  -2.7563408e+00
  -2.5924130e+00
  -2.4256416e+00
  -2.2561869e+00
  -2.0842126e+00
  -1.9098850e+00
  -1.7333728e+00
  -1.5548475e+00
  -1.3744827e+00
  -1.1924541e+00
  -1.0089395e+00
  -8.2411827e-01
  -6.3817150e-01
  -4.5128167e-01
  -2.6363251e-01
  -7.5408797e-02
   1.1320381e-01
   3.0201895e-01
   4.9084976e-01
   6.7950904e-01
   8.6780948e-01
   1.0555638e+00
   1.2425849e+00
   1.4286862e+00
   1.6136816e+00
   1.7973859e+00
   1.9796148e+00
   2.1601853e+00
   2.3389156e+00
   2.5156254e+00
   2.6901363e+00
   2.8622715e+00
   3.0318566e+00
   3.1987192e+00
   3.3626894e+00
   3.5235999e+00
   3.6812862e+00
   3.8355866e+00
   3.9863427e+00
   4.1333992e+00
   4.2766043e+00
   4.4158097e+00
   4.5508708e+00
   4.6816471e+00
   4.8080018e+00
   4.9298027e+00
   5.0469214e+00
   5.1592342e+00
   5.2666221e+00
   5.3689706e+00
   5.4661701e+00
   5.5581158e+00
   5.6447081e+00
   5.7258525e+00
   5.8014597e+00
   5.8714460e+00
   5.9357327e+00
   5.9942471e+00
   6.0469217e+00
   6.0936950e+00
   6.1345112e+00
   6.1693201e+00
   6.1980777e+00
   6.2207457e+00
   6.2372919e+00
   6.2476900e+00
   6.2519200e+00
   6.2499677e+00
   6.2418253e+00
   6.2274908e+00
   6.2069687e+00
   6.1802693e+00
   6.1474094e+00
   6.1084116e+00
   6.0633049e+00
   6.0121243e+00
   5.9549108e+00
   5.8917116e+00
   5.8225798e+00
   5.7475746e+00
   5.6667609e+00
   5.5802098e+00
   5.4879978e+00
   5.3902076e+00
   5.2869271e+00
   5.1782500e+00
   5.0642757e+00
   4.9451087e+00
   4.8208590e+00
   4.6916417e+00
   4.5575770e+00
   4.4187903e+00
   4.2754117e+00
   4.1275760e+00
   3.9754229e+00
   3.8190964e+00
   3.6587448e+00
   3.4945209e+00
   3.3265812e+00
   3.1550865e+00
   2.9802013e+00
   2.8020934e+00
   2.6209345e+00
   2.4368993e+00
   2.2501657e+00
   2.0609146e+00
   1.8693297e+00
   1.6755972e+00
   1.4799058e+00
   1.2824464e+00
   1.0834119e+00
   8.8299717e-01
   6.8139865e-01
   4.7881432e-01
   2.7544342e-01
   7.1486283e-02
  -1.3285588e-01
  -3.3738115e-01
  -5.4188714e-01
  -7.4617114e-01
  -9.5003038e-01
  -1.1532622e+00
  -1.3556642e+00
  -1.5570346e+00
  -1.7571722e+00
  -1.9558768e+00
  -2.1529494e+00
  -2.3481921e+00
  -2.5414087e+00
  -2.7324045e+00
  -2.9209871e+00
  -3.1069658e+00
  -3.2901524e+00
  -3.4703610e+00
  -3.6474087e+00
  -3.8211152e+00
  -3.9913032e+00
  -4.1577989e+00
  -4.3204315e+00
  -4.4790343e+00
  -4.6334438e+00
  -4.7835007e+00
  -4.9290499e+00
  -5.0699402e+00
  -5.2060251e+00
  -5.3371624e+00
  -5.4632148e+00
  -5.5840497e+00
  -5.6995396e+00
  -5.8095620e+00
  -5.9139996e+00
  -6.0127407e+00
  -6.1056788e+00
  -6.1927132e+00
  -6.2737488e+00
  -6.3486964e+00
  -6.4174725e+00
  -6.4799999e+00
  -6.5362072e+00
  -6.5860294e+00
  -6.6294076e+00
  -6.6662892e+00
  -6.6966279e+00
  -6.7203841e+00
  -6.7375245e+00
  -6.7480221e+00
  -6.7518568e+00
  -6.7490149e+00
  -6.7394893e+00
  -6.7232796e+00
  -6.7003919e+00
  -6.6708392e+00
  -6.6346407e+00
  -6.5918226e+00
  -6.5424175e+00
  -6.4864648e+00
  -6.4240101e+00
  -6.3551058e+00
  -6.2798107e+00
  -6.1981901e+00
  -6.1103154e+00
  -6.0162646e+00
  -5.9161218e+00
  -5.8099773e+00
  -5.6979275e+00
  -5.5800747e+00
  -5.4565273e+00
  -5.3273994e+00
  -5.1928106e+00
  -5.0528865e+00
  -4.9077578e+00
  -4.7575607e+00
  -4.6024368e+00
  -4.4425324e+00
  -4.2779991e+00
  -4.1089932e+00
  -3.9356756e+00
  -3.7582117e+00
  -3.5767714e+00
  -3.3915286e+00
  -3.2026615e+00
  -3.0103517e+00
  -2.8147849e+00
  -2.6161502e+00
  -2.4146398e+00
  -2.2104493e+00
  -2.0037771e+00
  -1.7948243e+00
  -1.5837947e+00
  -1.3708944e+00
  -1.1563315e+00
  -9.4031620e-01
  -7.2306046e-01
  -5.0477771e-01
  -2.8568270e-01
  -6.5991320e-02
   1.5407966e-01
   3.7431278e-01
   5.9449010e-01
   8.1439343e-01
   1.0338045e+00
   1.2525054e+00
   1.4702783e+00
   1.6869063e+00
   1.9021731e+00
   2.1158635e+00
   2.3277637e+00
   2.5376611e+00
   2.7453451e+00
   2.9506068e+00
   3.1532393e+00
   3.3530384e+00
   3.5498019e+00
   3.7433309e+00
   3.9334289e+00
   4.1199029e+00
   4.3025630e+00
   4.4812230e+00
   4.6557001e+00
   4.8258158e+00
   4.9913954e+00
   5.1522684e+00
   5.3082690e+00
   5.4592358e+00
   5.6050122e+00
   5.7454465e+00
   5.8803922e+00
   6.0097078e+00
   6.1332575e+00
   6.2509108e+00
   6.3625430e+00
   6.4680351e+00
   6.5672740e+00
   6.6601527e+00
   6.7465704e+00
   6.8264325e+00
   6.8996507e+00
   6.9661435e+00
   7.0258354e+00
   7.0786580e+00
   7.1245495e+00
   7.1634548e+00
   7.1953256e+00
   7.2201208e+00
   7.2378058e+00
   7.2483535e+00
   7.2517435e+00
   7.2479626e+00
   7.2370046e+00
   7.2188705e+00
   7.1935684e+00
   7.1611135e+00
   7.1215281e+00
   7.0748416e+00
   7.0210906e+00
   6.9603184e+00
   6.8925758e+00
   6.8179202e+00
   6.7364162e+00
   6.6481350e+00
   6.5531549e+00
   6.4515608e+00
   6.3434442e+00
   6.2289034e+00
   6.1080430e+00
   5.9809741e+00
   5.8478141e+00
   5.7086866e+00
   5.5637213e+00
   5.4130538e+00
   5.2568256e+00
   5.0951838e+00
   4.9282813e+00
   4.7562762e+00
   4.5793318e+00
   4.3976169e+00
   4.2113048e+00
   4.0205739e+00
   3.8256072e+00
   3.6265919e+00
   3.4237197e+00
   3.2171864e+00
   3.0071915e+00
   2.7939384e+00
   2.5776338e+00
   2.3584879e+00
   2.1367139e+00
   1.9125278e+00
   1.6861486e+00
   1.4577973e+00
   1.2276976e+00
   9.9607487e-01
   7.6315657e-01
   5.2917159e-01
   2.9435022e-01
   5.8923896e-02
  -1.7687505e-01
  -4.1281360e-01
  -6.4865830e-01
  -8.8417545e-01
  -1.1191314e+00
  -1.3532927e+00
  -1.5864265e+00
  -1.8183004e+00
  -2.0486832e+00
  -2.2773449e+00
  -2.5040565e+00
  -2.7285912e+00
  -2.9507236e+00
  -3.1702305e+00
  -3.3868913e+00
  -3.6004874e+00
  -3.8108034e+00
  -4.0176267e+00
  -4.2207479e+00
  -4.4199609e+00
  -4.6150633e+00
  -4.8058566e+00
  -4.9921461e+00
  -5.1737414e+00
  -5.3504565e+00
  -5.5221101e+00
  -5.6885255e+00
  -5.8495311e+00
  -6.0049603e+00
  -6.1546520e+00
  -6.2984504e+00
  -6.4362054e+00
  -6.5677727e+00
  -6.6930140e+00
  -6.8117969e+00
  -6.9239955e+00
  -7.0294901e+00
  -7.1281674e+00
  -7.2199209e+00
  -7.3046507e+00
  -7.3822639e+00
  -7.4526742e+00
  -7.5158027e+00
  -7.5715773e+00
  -7.6199334e+00
  -7.6608134e+00
  -7.6941671e+00
  -7.7199519e+00
  -7.7381323e+00
  -7.7486807e+00
  -7.7515765e+00
  -7.7468072e+00
  -7.7343676e+00
  -7.7142600e+00
  -7.6864945e+00
  -7.6510888e+00
  -7.6080681e+00
  -7.5574652e+00
  -7.4993204e+00
  -7.4336817e+00
  -7.3606044e+00
  -7.2801513e+00
  -7.1923927e+00
  -7.0974061e+00
  -6.9952762e+00
  -6.8860951e+00
  -6.7699619e+00
  -6.6469827e+00
  -6.5172705e+00
  -6.3809451e+00
  -6.2381330e+00
  -6.0889675e+00
  -5.9335882e+00
  -5.7721409e+00
  -5.6047778e+00
  -5.4316570e+00
  -5.2529428e+00
  -5.0688049e+00
  -4.8794187e+00
  -4.6849652e+00
  -4.4856304e+00
  -4.2816055e+00
  -4.0730866e+00
  -3.8602745e+00
  -3.6433744e+00
  -3.4225959e+00
  -3.1981527e+00
  -2.9702624e+00
  -2.7391463e+00
  -2.5050291e+00
  -2.2681390e+00
  -2.0287068e+00
  -1.7869665e+00
  -1.5431545e+00
  -1.2975096e+00
  -1.0502727e+00
  -8.0168662e-01
  -5.5199572e-01
  -3.0144586e-01
  -5.0284007e-02
   2.0124193e-01
   4.5288340e-01
   7.0439139e-01
   9.5551674e-01
   1.2060104e+00
   1.4556234e+00
   1.7041078e+00
   1.9512159e+00
   2.1967016e+00
   2.4403197e+00
   2.6818266e+00
   2.9209808e+00
   3.1575425e+00
   3.3912743e+00
   3.6219412e+00
   3.8493112e+00
   4.0731549e+00
   4.2932466e+00
   4.5093636e+00
   4.7212870e+00
   4.9288019e+00
   5.1316974e+00
   5.3297669e+00
   5.5228083e+00
   5.7106245e+00
   5.8930229e+00
   6.0698165e+00
   6.2408231e+00
   6.4058665e+00
   6.5647759e+00
   6.7173864e+00
   6.8635394e+00
   7.0030820e+00
   7.1358682e+00
   7.2617581e+00
   7.3806187e+00
   7.4923238e+00
   7.5967539e+00
   7.6937969e+00
   7.7833476e+00
   7.8653083e+00
   7.9395885e+00
   8.0061054e+00
   8.0647836e+00
   8.1155555e+00
   8.1583612e+00
   8.1931487e+00
   8.2198738e+00
   8.2385003e+00
   8.2489998e+00
   8.2513521e+00
   8.2455450e+00
   8.2315744e+00
   8.2094442e+00
   8.1791665e+00
   8.1407614e+00
   8.0942570e+00
   8.0396896e+00
   7.9771035e+00
   7.9065511e+00
   7.8280924e+00
   7.7417957e+00
   7.6477369e+00
   7.5459999e+00
   7.4366760e+00
   7.3198644e+00
   7.1956718e+00
   7.0642121e+00
   6.9256069e+00
   6.7799847e+00
   6.6274813e+00
   6.4682394e+00
   6.3024085e+00
   6.1301450e+00
   5.9516117e+00
   5.7669778e+00
   5.5764188e+00
   5.3801162e+00
   5.1782576e+00
   4.9710360e+00
   4.7586503e+00
   4.5413045e+00
   4.3192079e+00
   4.0925747e+00
   3.8616237e+00
   3.6265786e+00
   3.3876670e+00
   3.1451209e+00
   2.8991761e+00
   2.6500720e+00
   2.3980514e+00
   2.1433603e+00
   1.8862477e+00
   1.6269653e+00
   1.3657670e+00
   1.1029093e+00
   8.3865027e-01
   5.7324989e-01
   3.0696950e-01
   4.0071658e-02
  -2.2718019e-01
  -4.9452193e-01
  -7.6168903e-01
  -1.0284168e+00
  -1.2944408e+00
  -1.5594969e+00
  -1.8233215e+00
  -2.0856520e+00
  -2.3462271e+00
  -2.6047868e+00
  -2.8610728e+00
  -3.1148287e+00
  -3.3658005e+00
  -3.6137364e+00
  -3.8583875e+00
  -4.0995078e+00
  -4.3368546e+00
  -4.5701885e+00
  -4.7992738e+00
  -5.0238790e+00
  -5.2437764e+00
  -5.4587429e+00
  -5.6685601e+00
  -5.8730142e+00
  -6.0718968e+00
  -6.2650043e+00
  -6.4521392e+00
  -6.6331091e+00
  -6.8077278e+00
  -6.9758151e+00
  -7.1371972e+00
  -7.2917065e+00
  -7.4391822e+00
  -7.5794701e+00
  -7.7124232e+00
  -7.8379013e+00
  -7.9557717e+00
  -8.0659089e+00
  -8.1681950e+00
  -8.2625197e+00
  -8.3487805e+00
  -8.4268828e+00
  -8.4967399e+00
  -8.5582732e+00
  -8.6114122e+00
  -8.6560947e+00
  -8.6922668e+00
  -8.7198829e+00
  -8.7389059e+00
  -8.7493072e+00
  -8.7510665e+00
  -8.7441723e+00
  -8.7286215e+00
  -8.7044196e+00
  -8.6715808e+00
  -8.6301275e+00
  -8.5800911e+00
  -8.5215113e+00
  -8.4544364e+00
  -8.3789230e+00
  -8.2950363e+00
  -8.2028499e+00
  -8.1024454e+00
  -7.9939131e+00
  -7.8773510e+00
  -7.7528654e+00
  -7.6205705e+00
  -7.4805885e+00
  -7.3330491e+00
  -7.1780899e+00
  -7.0158558e+00
  -6.8464992e+00
  -6.6701796e+00
  -6.4870636e+00
  -6.2973249e+00
  -6.1011436e+00
  -5.8987069e+00
  -5.6902079e+00
  -5.4758461e+00
  -5.2558272e+00
  -5.0303625e+00
  -4.7996690e+00
  -4.5639691e+00
  -4.3234906e+00
  -4.0784661e+00
  -3.8291329e+00
  -3.5757330e+00
  -3.3185126e+00
  -3.0577219e+00
  -2.7936152e+00
  -2.5264501e+00
  -2.2564875e+00
  -1.9839915e+00
  -1.7092290e+00
  -1.4324693e+00
  -1.1539841e+00
  -8.7404718e-01
  -5.9293385e-01
  -3.1092105e-01
  -2.8286859e-02
   2.5468969e-01
   5.3772894e-01
   8.2055085e-01
   1.1028753e+00
   1.3844223e+00
   1.6649123e+00
   1.9440667e+00
   2.2216077e+00
   2.4972588e+00
   2.7707451e+00
   3.0417937e+00
   3.3101334e+00
   3.5754959e+00
   3.8376153e+00
   4.0962284e+00
   4.3510756e+00
   4.6019005e+00
   4.8484504e+00
   5.0904766e+00
   5.3277347e+00
   5.5599846e+00
   5.7869909e+00
   6.0085233e+00
   6.2243565e+00
   6.4342706e+00
   6.6380515e+00
   6.8354908e+00
   7.0263861e+00
   7.2105413e+00
   7.3877668e+00
   7.5578797e+00
   7.7207038e+00
   7.8760701e+00
   8.0238166e+00
   8.1637889e+00
   8.2958399e+00
   8.4198303e+00
   8.5356287e+00
   8.6431115e+00
   8.7421633e+00
   8.8326769e+00
   8.9145535e+00
   8.9877027e+00
   9.0520425e+00
   9.1074998e+00
   9.1540100e+00
   9.1915175e+00
   9.2199753e+00
   9.2393455e+00
   9.2495991e+00
   9.2507161e+00
   9.2426854e+00
   9.2255052e+00
   9.1991825e+00
   9.1637336e+00
   9.1191837e+00
   9.0655670e+00
   9.0029268e+00
   8.9313154e+00
   8.8507940e+00
   8.7614327e+00
   8.6633105e+00
   8.5565149e+00
   8.4411423e+00
   8.3172978e+00
   8.1850947e+00
   8.0446550e+00
   7.8961087e+00
   7.7395942e+00
   7.5752579e+00
   7.4032538e+00
   7.2237442e+00
   7.0368985e+00
   6.8428938e+00
   6.6419145e+00
   6.4341520e+00
   6.2198046e+00
   5.9990774e+00
   5.7721820e+00
   5.5393365e+00
   5.3007647e+00
   5.0566968e+00
   4.8073684e+00
   4.5530206e+00
   4.2938998e+00
   4.0302573e+00
   3.7623492e+00
   3.4904360e+00
   3.2147826e+00
   2.9356578e+00
   2.6533341e+00
   2.3680874e+00
   2.0801970e+00
   1.7899449e+00
   1.4976158e+00
   1.2034968e+00
   9.0787703e-01
   6.1104741e-01
   3.1330040e-01
   1.4929631e-02
  -2.8377030e-01
  -5.8250419e-01
  -8.8097648e-01
  -1.1788915e+00
  -1.4759540e+00
  -1.7718691e+00
  -2.0663427e+00
  -2.3590820e+00
  -2.6497955e+00
  -2.9381935e+00
  -3.2239880e+00
  -3.5068937e+00
  -3.7866275e+00
  -4.0629094e+00
  -4.3354623e+00
  -4.6040127e+00
  -4.8682907e+00
  -5.1280303e+00
  -5.3829698e+00
  -5.6328519e+00
  -5.8774241e+00
  -6.1164389e+00
  -6.3496540e+00
  -6.5768325e+00
  -6.7977435e+00
  -7.0121618e+00
  -7.2198686e+00
  -7.4206512e+00
  -7.6143040e+00
  -7.8006278e+00
  -7.9794307e+00
  -8.1505280e+00
  -8.3137425e+00
  -8.4689044e+00
  -8.6158519e+00
  -8.7544312e+00
  -8.8844964e+00
  -9.0059100e+00
  -9.1185430e+00
  -9.2222750e+00
  -9.3169940e+00
  -9.4025970e+00
  -9.4789900e+00
  -9.5460879e+00
  -9.6038147e+00
  -9.6521037e+00
  -9.6908973e+00
  -9.7201475e+00
  -9.7398155e+00
  -9.7498719e+00
  -9.7502971e+00
  -9.7410806e+00
  -9.7222217e+00
  -9.6937292e+00
  -9.6556214e+00
  -9.6079261e+00
  -9.5506808e+00
  -9.4839324e+00
  -9.4077370e+00
  -9.3221606e+00
  -9.2272781e+00
  -9.1231740e+00
  -9.0099418e+00
  -8.8876843e+00
  -8.7565132e+00
  -8.6165493e+00
  -8.4679221e+00
  -8.3107697e+00
  -8.1452391e+00
  -7.9714855e+00
  -7.7896724e+00
  -7.5999715e+00
  -7.4025626e+00
  -7.1976331e+00
  -6.9853782e+00
  -6.7660003e+00
  -6.5397095e+00
  -6.3067225e+00
  -6.0672631e+00
  -5.8215617e+00
  -5.5698551e+00
  -5.3123862e+00
  -5.0494039e+00
  -4.7811629e+00
  -4.5079232e+00
  -4.2299502e+00
  -3.9475141e+00
  -3.6608899e+00
  -3.3703568e+00
  -3.0761985e+00
  -2.7787023e+00
  -2.4781592e+00
  -2.1748634e+00
  -1.8691124e+00
  -1.5612060e+00
  -1.2514468e+00
  -9.4013948e-01
  -6.2759036e-01
  -3.1410746e-01
  -1.2246468e-14
