   9.8910842e-01
   1.0349824e+00
   1.0329390e+00
   9.9228057e-01
   9.7864455e-01
   1.0443883e+00
   1.0249375e+00
   1.0200882e+00
   1.0478666e+00
   1.0009170e+00
   1.0294367e+00
   9.9103820e-01
   1.0366303e+00
   9.8358348e-01
   1.0227837e+00
   1.0493476e+00
   1.0042383e+00
   9.8773321e-01
   9.6179518e-01
   9.6608177e-01
   9.5369420e-01
   9.7769492e-01
   9.6968889e-01
   9.7382086e-01
   1.0310912e+00
   1.0066622e+00
   1.0023374e+00
   1.0264195e+00
   9.5457458e-01
   1.0150548e+00
   9.7458282e-01
   9.7008388e-01
   1.0129884e+00
   1.0393899e+00
   9.5642038e-01
   1.0175272e+00
   1.0435314e+00
   9.5907060e-01
   9.6476123e-01
   9.9476934e-01
   1.0417548e+00
   9.9775241e-01
   9.6343108e-01
   1.0085285e+00
   1.0111774e+00
   9.8434204e-01
   9.5012977e-01
   1.0192019e+00
   9.9989558e-01
   9.8085763e-01
   8.1001864e-01
   9.4143805e-01
   8.9205653e-01
   8.7022678e-01
   1.1204858e+00
   9.5614156e-01
   8.0368003e-01
   9.5023154e-01
   1.1112324e+00
   8.6351868e-01
   1.1614439e+00
   9.2182817e-01
   9.3443443e-01
   8.7283905e-01
   1.0905256e+00
   8.2674523e-01
   1.1760770e+00
   8.5573047e-01
   9.0860597e-01
   1.0360801e+00
   8.4333196e-01
   9.9933384e-01
   1.0587188e+00
   1.1755816e+00
   1.0675454e+00
   1.0743038e+00
   9.7209671e-01
   8.9905919e-01
   1.0062898e+00
   8.8283473e-01
   1.1489549e+00
   1.0311703e+00
   1.1329799e+00
   1.1178971e+00
   9.8206972e-01
   9.1501661e-01
   1.0438166e+00
   1.1966941e+00
   1.1022577e+00
   1.1371316e+00
   1.0491119e+00
   1.0217285e+00
   1.0830769e+00
   9.8576408e-01
   1.1523612e+00
   8.1664317e-01
   1.1889215e+00
   8.3869886e-01
   1.0096260e+00
   9.6708946e-01
   8.2272941e-01
   1.0611534e+00
   1.0092179e+00
   1.0753378e+00
   9.7931058e-01
   1.0965933e+00
   1.0033994e+00
   1.1759202e+00
   1.1375250e+00
   9.6312953e-01
   1.0841607e+00
   9.4185248e-01
   1.1179352e+00
   8.6015192e-01
   1.1901813e+00
   8.5561118e-01
   8.0664607e-01
   1.0699324e+00
   1.1264167e+00
   1.1551545e+00
   8.6541037e-01
   1.0895151e+00
   9.6958210e-01
   9.2233509e-01
   1.1051250e+00
   1.1777513e+00
   8.1436963e-01
   1.0480533e+00
   8.3925100e-01
   9.0679505e-01
   8.4627859e-01
   1.1340490e+00
   1.1972825e+00
   1.0304171e+00
   1.0439453e+00
   1.1603939e+00
   1.0368431e+00
   9.8732428e-01
   8.9914770e-01
   1.0182829e+00
   8.8478771e-01
   9.1313047e-01
   8.8863612e-01
   9.2999329e-01
   9.5771527e-01
   1.1456255e+00
   8.3085787e-01
   8.7596360e-01
   9.9511450e-01
   9.4636963e-01
